0.999944 0.00579667 -0.00883322 -0.0317005 -0.00582788 0.999977 -0.00351175 0.0207399 0.00881266 0.00356303 0.999955 0.176679 0 0 0 1
0.999868 0.00994497 -0.0128125 -0.0453421 -0.00999021 0.999944 -0.00347163 -0.00699007 0.0127773 0.00359918 0.999912 0.0974424 0 0 0 1
0.999705 0.0157506 -0.0184637 -0.102449 -0.0158695 0.999854 -0.00631068 0.0170697 0.0183617 0.00660183 0.99981 0.192487 0 0 0 1
0.999494 0.0174771 -0.0265771 -0.126514 -0.0176994 0.99981 -0.00815187 0.0216756 0.0264296 0.00861814 0.999614 0.274142 0 0 0 1
0.999015 0.0222589 -0.0383839 -0.0931472 -0.0225756 0.999714 -0.00783838 -0.0511957 0.0381985 0.0086972 0.999232 0.245639 0 0 0 1
0.998517 0.0211304 -0.0501728 -0.128294 -0.0215694 0.999734 -0.0082242 -0.057867 0.0499857 0.0092942 0.998707 0.359205 0 0 0 1
0.99751 0.029606 -0.0640089 -0.208517 -0.0302867 0.999494 -0.00969058 -0.0752369 0.0636896 0.0116051 0.997902 0.526786 0 0 0 1
0.996019 0.0246912 -0.0856534 -0.150073 -0.0255673 0.999631 -0.00914597 -0.0565508 0.085396 0.0112995 0.996283 0.657959 0 0 0 1
0.994183 0.0225103 -0.105323 -0.194333 -0.0235018 0.99969 -0.00818174 -0.0754016 0.105107 0.0106094 0.994404 0.8047 0 0 0 1
0.99183 0.0212552 -0.125782 -0.263418 -0.0227229 0.999689 -0.0102453 -0.0690481 0.125525 0.0130198 0.992005 0.919408 0 0 0 1
0.987968 0.0263496 -0.1524 -0.244989 -0.0287047 0.9995 -0.0132734 0.000886939 0.151974 0.0174883 0.98823 1.10737 0 0 0 1
0.983298 0.0339454 -0.178811 -0.22768 -0.0366716 0.999256 -0.0119625 -0.0427681 0.178272 0.01832 0.983811 1.17819 0 0 0 1
0.977407 0.0341607 -0.208587 -0.23123 -0.0377586 0.999199 -0.0132903 -0.0335717 0.207966 0.0208659 0.977914 1.31489 0 0 0 1
0.970629 0.0370135 -0.237715 -0.301496 -0.0410063 0.999088 -0.0118723 -0.0553277 0.237059 0.0212714 0.971262 1.46153 0 0 0 1
0.962118 0.0529256 -0.267447 -0.450562 -0.0573787 0.998313 -0.00885681 -0.0750273 0.266527 0.0238671 0.963532 1.70706 0 0 0 1
0.952845 0.0484731 -0.299561 -0.608832 -0.0533681 0.998541 -0.00817591 -0.035545 0.298728 0.0237774 0.954042 2.01152 0 0 0 1
0.940727 0.0307039 -0.337772 -0.587528 -0.0349349 0.999369 -0.00645318 0.0044702 0.33736 0.0178707 0.941206 2.14928 0 0 0 1
0.925533 0.0403168 -0.376515 -0.607715 -0.0443762 0.999013 -0.00211039 -0.0300364 0.376058 0.0186615 0.926408 2.30627 0 0 0 1
0.911459 0.038873 -0.40955 -0.696712 -0.0427009 0.999088 -0.000201555 -0.0491617 0.409168 0.0176718 0.912288 2.42929 0 0 0 1
0.895104 0.040666 -0.443998 -0.872864 -0.0449299 0.99899 0.000918764 -0.0450645 0.443587 0.0191264 0.896027 2.64776 0 0 0 1
0.876041 0.0324583 -0.481143 -0.974314 -0.036925 0.999318 0.000183572 -0.0274429 0.48082 0.0176054 0.876642 2.79838 0 0 0 1
0.853867 0.0209903 -0.520068 -1.10265 -0.0261526 0.999655 -0.00259158 0.0090367 0.519834 0.015814 0.854121 3.0234 0 0 0 1
0.828398 0.0245593 -0.559601 -1.23621 -0.0276204 0.999614 0.00298278 -0.0221461 0.559458 0.0129854 0.828757 3.16424 0 0 0 1
0.79846 0.028756 -0.60136 -1.41878 -0.0319066 0.999476 0.00542909 0.00759494 0.601201 0.0148524 0.79896 3.34573 0 0 0 1
0.764819 0.0312713 -0.643486 -1.61128 -0.0344135 0.999378 0.00766421 0.00221121 0.643326 0.0162829 0.765419 3.51172 0 0 0 1
0.727103 0.0307892 -0.685838 -1.80646 -0.0360962 0.999327 0.00659469 0.0235021 0.685579 0.0199611 0.727725 3.6773 0 0 0 1
0.68553 0.0269239 -0.727547 -2.04246 -0.0361543 0.999342 0.00291568 0.0956876 0.727147 0.0243052 0.686052 3.90778 0 0 0 1
0.642951 0.0243548 -0.76552 -2.32859 -0.0318595 0.99948 0.00503976 0.0954666 0.765245 0.0211488 0.643392 4.0448 0 0 0 1
0.603763 0.0222294 -0.796854 -2.64143 -0.0338814 0.999423 0.002209 0.147956 0.796444 0.0256648 0.604168 4.11655 0 0 0 1
0.556256 0.0230701 -0.830691 -2.93185 -0.0427301 0.999086 -0.000866493 0.227923 0.829912 0.0359775 0.556733 4.26165 0 0 0 1
0.497259 0.019658 -0.867379 -3.19281 -0.0421754 0.999109 -0.0015352 0.273577 0.866576 0.0373455 0.497645 4.47538 0 0 0 1
0.442362 0.0212649 -0.896584 -3.39022 -0.0352606 0.999358 0.00630533 0.244846 0.896143 0.0288249 0.442828 4.57927 0 0 0 1
0.386769 0.0254125 -0.921826 -3.71502 -0.0303466 0.99943 0.0148194 0.21223 0.921677 0.0222426 0.387319 4.66815 0 0 0 1
0.329743 0.024706 -0.943747 -4.19491 -0.0307827 0.999407 0.0154077 0.299886 0.943569 0.0239705 0.330308 4.84664 0 0 0 1
0.27443 0.0287047 -0.961179 -4.5188 -0.028295 0.999363 0.0217664 0.276998 0.961191 0.0212232 0.275067 4.8936 0 0 0 1
0.223667 0.0293178 -0.974225 -4.70836 -0.0386422 0.999028 0.0211925 0.315474 0.973899 0.0329061 0.224582 4.85196 0 0 0 1
0.171494 0.0295264 -0.984743 -5.09486 -0.0368531 0.999043 0.0235371 0.324638 0.984496 0.0322544 0.172418 4.8964 0 0 0 1
0.124197 0.0322454 -0.991734 -5.31837 -0.0388545 0.998863 0.0276114 0.279956 0.991497 0.035104 0.125308 4.84917 0 0 0 1
0.0828019 0.031907 -0.996055 -5.66971 -0.0411025 0.998746 0.0285763 0.297502 0.995718 0.0385741 0.0840096 4.82592 0 0 0 1
0.0466437 0.0314806 -0.998415 -5.96844 -0.0454748 0.998534 0.0293599 0.290992 0.997876 0.0440333 0.0480069 4.75115 0 0 0 1
0.0103811 0.0310309 -0.999465 -6.60783 -0.0281001 0.999133 0.0307287 0.327863 0.999551 0.0277661 0.0112441 4.78335 0 0 0 1
-0.0191362 0.0287975 -0.999402 -7.01328 -0.0270541 0.999204 0.0293098 0.282628 0.999451 0.0275988 -0.0183419 4.67365 0 0 0 1
-0.0425557 0.0248051 -0.998786 -7.41959 -0.0314108 0.999164 0.0261529 0.296603 0.9986 0.0324856 -0.041741 4.58081 0 0 0 1
-0.064858 0.0239889 -0.997606 -7.93166 -0.0240719 0.999382 0.0255966 0.286045 0.997604 0.0256744 -0.0642405 4.54643 0 0 0 1
-0.0819923 0.0212885 -0.996406 -8.44702 -0.0256607 0.999395 0.023464 0.306197 0.996303 0.0274923 -0.0813965 4.50707 0 0 0 1
-0.0945318 0.0212037 -0.995296 -8.9732 -0.0212058 0.999503 0.0233074 0.354459 0.995296 0.0233093 -0.0940352 4.44687 0 0 0 1
-0.103579 0.0201324 -0.994417 -9.5158 -0.0296729 0.999288 0.0233218 0.364108 0.994178 0.0319229 -0.102908 4.42013 0 0 0 1
-0.109359 0.0208095 -0.993784 -10.1419 -0.0431563 0.998739 0.0256623 0.32449 0.993065 0.0456944 -0.108323 4.29987 0 0 0 1
-0.110793 0.0224996 -0.993589 -10.7304 -0.0475714 0.998478 0.0279149 0.34464 0.992704 0.0503592 -0.109555 4.18971 0 0 0 1
-0.11281 0.022163 -0.993369 -11.2415 -0.0511972 0.998294 0.028087 0.326841 0.992297 0.0540262 -0.111483 4.17557 0 0 0 1
-0.110815 0.0235685 -0.993562 -11.816 -0.0516938 0.998229 0.0294448 0.333824 0.992496 0.0546239 -0.109401 4.09396 0 0 0 1
-0.108907 0.0262421 -0.993705 -12.4293 -0.0515161 0.998159 0.0320057 0.328702 0.992716 0.0546775 -0.107355 4.01881 0 0 0 1
-0.106482 0.0269753 -0.993949 -13.0702 -0.0606192 0.997596 0.0335685 0.302409 0.992465 0.0638269 -0.104591 3.94893 0 0 0 1
-0.102921 0.0205628 -0.994477 -13.7128 -0.0779885 0.996542 0.0286767 0.365584 0.991627 0.0805092 -0.100962 3.85064 0 0 0 1
-0.103038 0.0209151 -0.994458 -14.4049 -0.0728226 0.996937 0.0285126 0.414253 0.992008 0.0753568 -0.101199 3.82498 0 0 0 1
-0.0991467 0.0263202 -0.994725 -15.0447 -0.0742425 0.996668 0.0337716 0.375985 0.992299 0.0771992 -0.0968623 3.70001 0 0 0 1
-0.0954227 0.0286423 -0.995025 -15.8562 -0.0787994 0.996232 0.0362339 0.405889 0.992313 0.0818649 -0.0928061 3.52974 0 0 0 1
-0.0926539 0.0330426 -0.99515 -16.3883 -0.0820172 0.9958 0.0407004 0.355992 0.992315 0.0853905 -0.0895547 3.54666 0 0 0 1
-0.0890286 0.0324011 -0.995502 -17.2671 -0.0808264 0.995939 0.0396438 0.398389 0.992744 0.0839923 -0.0860482 3.3447 0 0 0 1
-0.0926379 0.0308186 -0.995223 -17.9305 -0.0857013 0.995565 0.0388065 0.390239 0.992005 0.0888868 -0.0895859 3.43715 0 0 0 1
-0.0888391 0.0303032 -0.995585 -18.7608 -0.092241 0.994992 0.038516 0.393405 0.991766 0.0952555 -0.0855989 3.3043 0 0 0 1
-0.0866575 0.0330434 -0.99569 -19.5246 -0.089118 0.995186 0.0407828 0.409646 0.992244 0.092268 -0.0832955 3.22547 0 0 0 1
-0.0882192 0.0379595 -0.995378 -20.1484 -0.0898831 0.994894 0.0459073 0.343801 0.992037 0.0935175 -0.0843568 3.29013 0 0 0 1
-0.0847806 0.0393749 -0.995621 -21.0585 -0.0887218 0.994952 0.0469034 0.391736 0.992442 0.0923099 -0.0808591 3.13461 0 0 0 1
-0.086122 0.0346388 -0.995682 -21.6739 -0.083949 0.995589 0.0418968 0.417694 0.992741 0.0871948 -0.0828343 3.17652 0 0 0 1
-0.0911461 0.0294324 -0.995402 -22.4117 -0.0851902 0.995668 0.0372409 0.373021 0.992187 0.0881929 -0.0882439 3.19958 0 0 0 1
-0.0926463 0.0235733 -0.99542 -23.0203 -0.0766453 0.996585 0.0307344 0.460315 0.992745 0.0791417 -0.0905231 3.22222 0 0 0 1
-0.0929235 0.0238466 -0.995388 -23.9257 -0.0718954 0.996943 0.0305956 0.503806 0.993074 0.0744068 -0.0909249 3.11583 0 0 0 1
-0.0936978 0.031059 -0.995116 -24.8217 -0.0649031 0.997197 0.037235 0.588321 0.993483 0.0680749 -0.0914193 3.00123 0 0 0 1
-0.0944676 0.0359581 -0.994878 -25.6359 -0.0592319 0.997374 0.0416726 0.680266 0.993764 0.0628652 -0.0920897 2.93393 0 0 0 1
-0.0952052 0.0425188 -0.994549 -26.4443 -0.0581502 0.997144 0.0481963 0.678527 0.993758 0.0624218 -0.0924607 2.86366 0 0 0 1
-0.0948689 0.0414378 -0.994627 -27.1951 -0.0623671 0.996923 0.0474821 0.746372 0.993534 0.0665366 -0.0919927 2.74136 0 0 0 1
-0.0948183 0.0378869 -0.994773 -28.0444 -0.063538 0.997008 0.0440283 0.771604 0.993465 0.0673806 -0.0921273 2.64506 0 0 0 1
-0.0906415 0.0365711 -0.995212 -28.8601 -0.0653572 0.996953 0.0425876 0.786362 0.993737 0.0689045 -0.0879751 2.51981 0 0 0 1
-0.0919172 0.0378413 -0.995047 -29.6327 -0.0656885 0.996871 0.0439786 0.820686 0.993598 0.0694055 -0.0891438 2.49026 0 0 0 1
-0.0912815 0.0418544 -0.994945 -30.5033 -0.0642571 0.996787 0.0478271 0.817233 0.99375 0.068298 -0.0882987 2.38141 0 0 0 1
-0.0917889 0.0412389 -0.994924 -31.2604 -0.0683201 0.996527 0.0476083 0.830541 0.993432 0.0723432 -0.0886527 2.35978 0 0 0 1
-0.0915999 0.0292122 -0.995367 -32.2731 -0.0717267 0.99678 0.0358544 0.996522 0.993209 0.0746786 -0.0892096 2.24458 0 0 0 1
-0.101647 0.0220758 -0.994576 -33.0396 -0.0699637 0.99712 0.0292827 1.04644 0.992357 0.0725607 -0.0998102 2.43396 0 0 0 1
-0.102172 0.0224862 -0.994513 -33.9091 -0.0739469 0.996807 0.0301351 1.05821 0.992015 0.0766201 -0.100183 2.3583 0 0 0 1
-0.102363 0.026023 -0.994407 -34.7006 -0.0749895 0.996611 0.0338001 1.04113 0.991916 0.07803 -0.100065 2.29627 0 0 0 1
-0.102192 0.0269211 -0.9944 -35.5717 -0.0760082 0.9965 0.0347891 1.15513 0.991857 0.0791378 -0.0997886 2.22925 0 0 0 1
-0.10427 0.0318569 -0.994039 -36.3274 -0.0813281 0.995866 0.0404464 1.12816 0.991218 0.0850606 -0.101248 2.26248 0 0 0 1
-0.104961 0.0365207 -0.993805 -36.9723 -0.078024 0.995943 0.0448398 1.11443 0.991411 0.0822471 -0.101686 2.20751 0 0 0 1
-0.10504 0.0384219 -0.993725 -37.6931 -0.0750899 0.996094 0.0464508 1.10634 0.991629 0.079498 -0.101745 2.15446 0 0 0 1
-0.106593 0.0330587 -0.993753 -38.5188 -0.0772889 0.996148 0.0414286 1.14711 0.991294 0.0812221 -0.103627 2.11397 0 0 0 1
-0.10422 0.0286104 -0.994143 -39.1729 -0.0799999 0.996106 0.0370537 1.15135 0.991332 0.083393 -0.101525 1.99166 0 0 0 1
-0.1048 0.0236666 -0.994212 -39.9443 -0.0850801 0.995838 0.0326736 1.24697 0.990847 0.0880118 -0.10235 1.94822 0 0 0 1
-0.10655 0.022557 -0.994051 -40.784 -0.0874232 0.995658 0.0319642 1.24637 0.990457 0.0903089 -0.104115 1.8739 0 0 0 1
-0.106546 0.0183304 -0.994139 -41.7269 -0.0970538 0.994864 0.0287454 1.32478 0.98956 0.0995477 -0.10422 1.76974 0 0 0 1
-0.107199 0.0148537 -0.994127 -42.4959 -0.0922515 0.995426 0.0248208 1.32283 0.989949 0.0943704 -0.105338 1.67631 0 0 0 1
-0.106868 0.0148688 -0.994162 -43.3488 -0.0904541 0.995596 0.0246137 1.32354 0.99015 0.0925565 -0.105053 1.57351 0 0 0 1
-0.109842 0.0194027 -0.99376 -44.1871 -0.0878162 0.99571 0.0291473 1.32649 0.990062 0.0904698 -0.107667 1.48639 0 0 0 1
-0.108515 0.0237487 -0.993811 -45.069 -0.0884096 0.995523 0.0334432 1.37626 0.990156 0.0914915 -0.10593 1.35453 0 0 0 1
-0.110236 0.0283752 -0.9935 -45.9225 -0.0860847 0.995563 0.0379858 1.37998 0.99017 0.0897126 -0.107304 1.27957 0 0 0 1
-0.110831 0.0284984 -0.993431 -46.7265 -0.0868652 0.995486 0.0382484 1.36706 0.990036 0.0905337 -0.107856 1.1804 0 0 0 1
-0.11053 0.0236464 -0.993591 -47.4798 -0.0918544 0.995195 0.0339027 1.39392 0.989619 0.0950131 -0.107827 1.06301 0 0 0 1
-0.113714 0.0194394 -0.993323 -48.2672 -0.0963373 0.994881 0.0304984 1.4089 0.988832 0.0991622 -0.111259 0.976892 0 0 0 1
-0.111049 0.0172908 -0.993665 -48.948 -0.103517 0.994209 0.0288691 1.41624 0.988409 0.106067 -0.108616 0.811018 0 0 0 1
-0.112442 0.0189056 -0.993478 -49.7672 -0.102302 0.994286 0.0304996 1.40979 0.988378 0.105064 -0.109865 0.7095 0 0 0 1
-0.116415 0.0212003 -0.992974 -50.6177 -0.0986722 0.994579 0.0328028 1.41635 0.988287 0.101798 -0.113692 0.672962 0 0 0 1
-0.116553 0.0206335 -0.99297 -51.4006 -0.101824 0.994268 0.0326124 1.40935 0.987951 0.10491 -0.113784 0.55179 0 0 0 1
-0.118839 0.0206729 -0.992698 -52.1995 -0.0938471 0.995074 0.031957 1.45678 0.988469 0.0969596 -0.116313 0.480109 0 0 0 1
-0.118644 0.020018 -0.992735 -52.9154 -0.099366 0.994539 0.0319298 1.46611 0.987952 0.102432 -0.116007 0.378587 0 0 0 1
-0.118462 0.0232793 -0.992686 -53.7369 -0.0988216 0.994485 0.0351144 1.48675 0.988029 0.102259 -0.115508 0.259618 0 0 0 1
-0.118872 0.0296227 -0.992468 -54.4506 -0.0943889 0.994691 0.0409944 1.46365 0.988413 0.0985511 -0.115445 0.144629 0 0 0 1
-0.119007 0.0326493 -0.992356 -55.1602 -0.0943027 0.994569 0.0440312 1.45188 0.988405 0.0988219 -0.115282 0.0484084 0 0 0 1
-0.123054 0.0330909 -0.991848 -55.9534 -0.0933012 0.994631 0.0447592 1.47192 0.988004 0.0980485 -0.119306 -0.00513365 0 0 0 1
-0.124345 0.0353992 -0.991607 -56.5114 -0.0969056 0.994153 0.0476418 1.41266 0.987496 0.102016 -0.120188 -0.0435377 0 0 0 1
-0.123924 0.0327463 -0.991751 -57.257 -0.0956355 0.994408 0.0447841 1.43347 0.987672 0.100396 -0.120099 -0.167082 0 0 0 1
-0.123416 0.0303661 -0.99189 -57.9688 -0.0956168 0.994517 0.0423437 1.4435 0.987738 0.100067 -0.119836 -0.258954 0 0 0 1
-0.121694 0.0264353 -0.992216 -58.7283 -0.0971688 0.994526 0.0384145 1.49059 0.9878 0.101087 -0.118459 -0.383515 0 0 0 1
-0.117518 0.0258883 -0.992733 -59.4806 -0.101304 0.994133 0.037917 1.51411 0.98789 0.105023 -0.114206 -0.530485 0 0 0 1
-0.112841 0.0292114 -0.993184 -60.1799 -0.0972099 0.994448 0.0402931 1.51822 0.988846 0.101094 -0.109375 -0.6199 0 0 0 1
-0.108111 0.0296934 -0.993695 -60.8627 -0.0936036 0.994809 0.0399105 1.55659 0.989722 0.0973282 -0.104771 -0.676648 0 0 0 1
-0.099297 0.0316535 -0.994554 -61.5338 -0.0927522 0.994848 0.0409233 1.56694 0.990726 0.0963107 -0.0958495 -0.779398 0 0 0 1
-0.0885094 0.0323162 -0.995551 -62.1549 -0.0952021 0.994624 0.04075 1.57239 0.991515 0.0983853 -0.084957 -0.863272 0 0 0 1
-0.0781933 0.036539 -0.996268 -62.7601 -0.0982203 0.994184 0.0441715 1.53207 0.992088 0.101308 -0.0741496 -0.868815 0 0 0 1
-0.060483 0.0335096 -0.997607 -63.3948 -0.108659 0.993276 0.0399519 1.64579 0.992237 0.110816 -0.0564351 -0.966331 0 0 0 1
-0.0448739 0.0340288 -0.998413 -63.88 -0.11128 0.99303 0.0388468 1.68488 0.992776 0.112846 -0.0407744 -0.893783 0 0 0 1
-0.0244092 0.0339706 -0.999125 -64.4418 -0.114055 0.992802 0.0365421 1.70368 0.993175 0.114847 -0.020359 -0.85814 0 0 0 1
-0.000327063 0.0359101 -0.999355 -64.989 -0.11092 0.993187 0.0357248 1.71301 0.993829 0.110861 0.00365833 -0.79324 0 0 0 1
0.0300737 0.0381307 -0.99882 -65.5205 -0.106029 0.993756 0.0347449 1.64312 0.993908 0.104859 0.0339288 -0.811127 0 0 0 1
0.0637098 0.03797 -0.997246 -66.0636 -0.102656 0.994224 0.0312966 1.6528 0.992675 0.10038 0.0672397 -0.745254 0 0 0 1
0.0971303 0.0310432 -0.994787 -66.5002 -0.102147 0.994546 0.0210621 1.73715 0.990016 0.0995688 0.0997716 -0.581577 0 0 0 1
0.140067 0.0297515 -0.989695 -66.9863 -0.101857 0.994678 0.015486 1.74538 0.984889 0.0986386 0.142352 -0.519701 0 0 0 1
0.186435 0.0278684 -0.982072 -67.3799 -0.0998939 0.994955 0.00927027 1.83003 0.977376 0.0963747 0.188279 -0.442899 0 0 0 1
0.235547 0.025336 -0.971533 -67.8067 -0.0972659 0.995256 0.00237265 1.83728 0.966983 0.0939381 0.236894 -0.308906 0 0 0 1
0.282234 0.00979836 -0.959296 -68.2655 -0.0821687 0.99652 -0.0139962 1.9562 0.95582 0.0827743 0.282057 -0.0751732 0 0 0 1
0.333041 0.00215909 -0.94291 -68.787 -0.0809402 0.996372 -0.026307 2.02673 0.939432 0.0850807 0.332007 0.227222 0 0 0 1
0.390339 -0.00606255 -0.920651 -69.1941 -0.0709709 0.996805 -0.0366543 2.03428 0.917932 0.079647 0.388661 0.373321 0 0 0 1
0.442369 -0.007702 -0.8968 -69.5649 -0.0700274 0.996613 -0.043102 2.04749 0.894095 0.0818676 0.440331 0.618247 0 0 0 1
0.494635 -0.0092717 -0.869052 -69.9711 -0.0657152 0.996682 -0.0480362 2.0159 0.866613 0.0808703 0.492384 0.80261 0 0 0 1
0.539567 -0.0144359 -0.841819 -70.3032 -0.0508512 0.997469 -0.0496984 1.96095 0.840405 0.0696231 0.537467 1.0682 0 0 0 1
0.579628 -0.0236337 -0.814538 -70.567 -0.0328908 0.998086 -0.0523645 1.94116 0.814217 0.0571428 0.577742 1.39539 0 0 0 1
0.625979 -0.0236947 -0.77948 -70.8268 -0.0348567 0.997689 -0.0583204 1.94404 0.77906 0.0636775 0.623707 1.58755 0 0 0 1
0.668446 -0.0367671 -0.742851 -71.1097 -0.0284329 0.996784 -0.0749204 1.96046 0.743217 0.0712017 0.665251 1.87728 0 0 0 1
0.710667 -0.0433057 -0.702195 -71.4271 -0.0293001 0.995416 -0.0910429 1.93779 0.702918 0.0852756 0.70614 2.21193 0 0 0 1
0.751447 -0.0474194 -0.658087 -71.7171 -0.0270664 0.994359 -0.102556 1.89795 0.659238 0.0948776 0.745925 2.56794 0 0 0 1
0.790754 -0.0489709 -0.610172 -72.126 -0.0214394 0.993968 -0.107558 1.80747 0.611758 0.0981335 0.784934 3.00713 0 0 0 1
0.825847 -0.0500526 -0.561669 -72.3735 -0.0145324 0.993833 -0.109932 1.74361 0.563707 0.0989495 0.820026 3.43307 0 0 0 1
0.856033 -0.0489823 -0.514596 -72.5738 -0.0124895 0.99325 -0.11532 1.69375 0.516771 0.105145 0.849642 3.88097 0 0 0 1
0.882152 -0.0447883 -0.46883 -72.7621 -0.010655 0.993315 -0.114942 1.64509 0.470844 0.106392 0.875778 4.34935 0 0 0 1
0.905076 -0.0445626 -0.422908 -73.0859 -0.00541844 0.993205 -0.116252 1.6832 0.425215 0.107509 0.898685 4.86004 0 0 0 1
0.923439 -0.0406141 -0.38159 -73.4636 -0.00593993 0.992752 -0.120037 1.61495 0.383699 0.113113 0.916504 5.63355 0 0 0 1
0.936139 -0.0418735 -0.349129 -73.675 -0.000988925 0.992567 -0.121697 1.65784 0.35163 0.114271 0.929139 6.29587 0 0 0 1
0.946661 -0.0340124 -0.32043 -73.915 -0.00488809 0.992783 -0.119821 1.55437 0.322193 0.114996 0.939664 6.96735 0 0 0 1
0.952985 -0.0474863 -0.299275 -73.9928 0.0120041 0.992785 -0.119302 1.45998 0.302781 0.1101 0.946679 7.43004 0 0 0 1
0.95754 -0.0675557 -0.280275 -74.3444 0.0351535 0.992263 -0.119069 1.45806 0.286151 0.104161 0.952506 8.33526 0 0 0 1
0.962762 -0.0500144 -0.265684 -74.4075 0.0199913 0.993219 -0.114528 1.29714 0.269611 0.104952 0.957233 8.85432 0 0 0 1
0.96805 -0.047754 -0.246169 -74.6625 0.0200147 0.993282 -0.113978 1.23906 0.249958 0.10541 0.962502 9.51909 0 0 0 1
0.968637 -0.0768047 -0.23631 -74.9307 0.0506671 0.9921 -0.114764 1.31083 0.243258 0.0991916 0.964877 10.3189 0 0 0 1
0.970411 -0.0924235 -0.223068 -75.047 0.0670268 0.990645 -0.118867 1.32282 0.231968 0.100398 0.967528 10.956 0 0 0 1
0.975403 -0.079313 -0.205665 -75.2286 0.0554473 0.991306 -0.119321 1.18277 0.21334 0.104982 0.971321 11.6313 0 0 0 1
0.978023 -0.0790973 -0.192911 -75.3204 0.0574064 0.991641 -0.115553 1.0663 0.200438 0.101939 0.974388 12.2879 0 0 0 1
0.980815 -0.0771149 -0.17904 -75.3791 0.0572686 0.991887 -0.113491 0.986779 0.18634 0.10106 0.977274 12.791 0 0 0 1
0.982802 -0.0753083 -0.168608 -75.4951 0.0563781 0.991836 -0.114378 0.838243 0.175845 0.102905 0.979025 13.6896 0 0 0 1
0.98499 -0.070224 -0.157678 -75.6088 0.0512031 0.991256 -0.121611 0.772292 0.164839 0.111712 0.979974 14.3369 0 0 0 1
0.986093 -0.0758517 -0.147878 -75.6601 0.056606 0.989861 -0.130269 0.796734 0.15626 0.120087 0.980389 14.9962 0 0 0 1
0.986935 -0.0790992 -0.140368 -75.7413 0.0607385 0.989575 -0.130583 0.714782 0.149234 0.120351 0.98145 15.7056 0 0 0 1
0.988136 -0.0764206 -0.13322 -75.8917 0.0600291 0.990591 -0.122989 0.555745 0.141365 0.113533 0.983426 16.4505 0 0 0 1
0.98877 -0.0701912 -0.131934 -75.8797 0.0551113 0.991874 -0.114666 0.434831 0.138911 0.106107 0.984604 17.2599 0 0 0 1
0.98992 -0.0634984 -0.126597 -76.0164 0.0495625 0.992657 -0.110343 0.292021 0.132674 0.102957 0.985798 18.0427 0 0 0 1
0.991319 -0.0517362 -0.120873 -76.0559 0.0387636 0.993469 -0.107313 0.153642 0.125635 0.101696 0.98685 18.5175 0 0 0 1
0.991731 -0.0586396 -0.114156 -76.183 0.0459282 0.992763 -0.110961 0.109734 0.119836 0.1048 0.987247 19.2753 0 0 0 1
0.992282 -0.0576246 -0.109804 -76.3172 0.0462361 0.993546 -0.10358 -0.0664489 0.115064 0.0977038 0.988542 20.0676 0 0 0 1
0.991743 -0.0647552 -0.110692 -76.3744 0.0534376 0.993315 -0.10232 -0.124691 0.116578 0.0955598 0.988574 20.8507 0 0 0 1
0.991411 -0.0699851 -0.110483 -76.4376 0.0588972 0.99318 -0.100618 -0.220423 0.116772 0.0932466 0.988772 21.6471 0 0 0 1
0.991898 -0.0663147 -0.108353 -76.4916 0.055067 0.993084 -0.10369 -0.36805 0.11448 0.0968835 0.98869 22.4326 0 0 0 1
0.99285 -0.0571952 -0.104772 -76.6398 0.0451995 0.992511 -0.113489 -0.459047 0.110478 0.107942 0.988 23.2831 0 0 0 1
0.992933 -0.0540812 -0.10564 -76.68 0.0411126 0.991765 -0.121296 -0.562343 0.11133 0.116095 0.986979 24.1024 0 0 0 1
0.993308 -0.0514267 -0.103416 -76.772 0.0383636 0.991471 -0.124557 -0.678242 0.10894 0.119756 0.986808 24.8419 0 0 0 1
0.993755 -0.0490006 -0.10025 -76.7862 0.0367477 0.992019 -0.120612 -0.786291 0.10536 0.116175 0.987625 25.4237 0 0 0 1
0.993867 -0.0465848 -0.100288 -76.8525 0.0346951 0.992503 -0.117195 -0.88863 0.104996 0.112996 0.988032 26.1632 0 0 0 1
0.994335 -0.0397071 -0.0986009 -76.9388 0.0285565 0.993294 -0.112029 -1.02729 0.102388 0.108579 0.988801 26.9665 0 0 0 1
0.994336 -0.0459904 -0.0958197 -77.0446 0.0354529 0.993419 -0.108909 -1.16156 0.100198 0.104895 0.989423 27.6409 0 0 0 1
0.994229 -0.0469303 -0.0964703 -77.093 0.0362662 0.993329 -0.109467 -1.23272 0.100964 0.105336 0.989298 28.3655 0 0 0 1
0.99428 -0.0480755 -0.0953738 -77.1796 0.0374426 0.993193 -0.110301 -1.28764 0.100027 0.106099 0.989312 29.1371 0 0 0 1
0.994531 -0.0425622 -0.0953803 -77.2421 0.0318275 0.993269 -0.111369 -1.4422 0.0994784 0.107724 0.989191 29.9228 0 0 0 1
0.995371 -0.0319237 -0.0906533 -77.3424 0.0215818 0.993377 -0.112852 -1.5573 0.0936556 0.110373 0.989468 30.569 0 0 0 1
0.995499 -0.030552 -0.0897108 -77.3831 0.0203925 0.993493 -0.112055 -1.63565 0.0925505 0.109721 0.989644 31.2857 0 0 0 1
0.996002 -0.0152031 -0.08803 -77.4559 0.00534621 0.99379 -0.111142 -1.75525 0.0891731 0.110227 0.989898 32.0456 0 0 0 1
0.995945 -0.0141566 -0.0888467 -77.4989 0.00416419 0.993738 -0.111661 -1.85967 0.0898711 0.110838 0.989767 32.7262 0 0 0 1
0.993596 -0.0555649 -0.0983819 -77.511 0.044558 0.99285 -0.110741 -1.88571 0.103832 0.105648 0.988968 33.518 0 0 0 1
0.994918 -0.0312842 -0.0957056 -77.5949 0.0205666 0.993609 -0.110988 -2.02808 0.0985661 0.108455 0.989203 34.2736 0 0 0 1
0.994574 -0.0290443 -0.0998978 -77.6341 0.0177788 0.993564 -0.111865 -2.09468 0.102504 0.109482 0.988689 35.0429 0 0 0 1
0.994327 -0.0297828 -0.102112 -77.7607 0.0184589 0.993749 -0.1101 -2.30986 0.104752 0.10759 0.988661 35.8373 0 0 0 1
0.994858 -0.0122164 -0.10054 -78.0321 0.00043646 0.993207 -0.116363 -2.48206 0.101278 0.115721 0.988105 36.7288 0 0 0 1
0.994258 -0.022155 -0.104689 -77.9563 0.00951359 0.99276 -0.119741 -2.44879 0.106584 0.118058 0.98727 37.3457 0 0 0 1
0.994156 -0.0253638 -0.104935 -78.1071 0.0124769 0.99249 -0.121689 -2.53682 0.107233 0.119668 0.987006 38.228 0 0 0 1
0.993435 -0.029841 -0.110434 -78.0657 0.016367 0.992522 -0.120963 -2.57511 0.113217 0.118361 0.986495 38.8887 0 0 0 1
0.993124 -0.0275839 -0.113771 -78.1075 0.013738 0.99259 -0.120733 -2.68132 0.116259 0.118339 0.986144 39.6021 0 0 0 1
0.992875 -0.0295052 -0.11545 -78.2127 0.0153082 0.992415 -0.121977 -2.73209 0.118174 0.119341 0.985795 40.472 0 0 0 1
0.992945 -0.0271351 -0.115433 -78.3609 0.0132862 0.992794 -0.119092 -2.8554 0.117833 0.116718 0.98615 41.3346 0 0 0 1
0.992987 -0.0241467 -0.115732 -78.5184 0.0108849 0.993435 -0.11388 -2.99486 0.117722 0.111822 0.986731 42.1867 0 0 0 1
0.992696 -0.0282847 -0.117284 -78.5314 0.0151799 0.993687 -0.111159 -3.06463 0.119688 0.108566 0.986858 42.9606 0 0 0 1
0.993327 -0.0203647 -0.113521 -78.6643 0.00749773 0.993608 -0.112639 -3.17589 0.115089 0.111036 0.98713 43.8249 0 0 0 1
0.993511 -0.0177017 -0.112349 -78.6833 0.00465076 0.993311 -0.115379 -3.24778 0.11364 0.114107 0.986948 44.6401 0 0 0 1
0.994183 -0.00953159 -0.107282 -78.7977 -0.00495247 0.990977 -0.133939 -3.25587 0.107591 0.133691 0.985165 45.4804 0 0 0 1
0.994472 -0.0174378 -0.103548 -78.8482 0.00338774 0.99093 -0.13434 -3.36808 0.104952 0.133246 0.98551 46.1206 0 0 0 1
0.994611 -0.0236058 -0.100956 -78.9732 0.00970405 0.990657 -0.136035 -3.45248 0.103224 0.134322 0.985547 46.9698 0 0 0 1
0.995492 -0.0168348 -0.0933381 -79.08 0.00476885 0.991761 -0.128016 -3.68845 0.0947242 0.126993 0.98737 47.4579 0 0 0 1
0.995101 -0.03613 -0.0920294 -79.258 0.0244598 0.991866 -0.124918 -3.77968 0.0957941 0.122055 0.98789 48.5232 0 0 0 1
0.995371 -0.0329592 -0.0902787 -79.382 0.0218147 0.99232 -0.121759 -4.01074 0.0935984 0.119226 0.988445 49.4397 0 0 0 1
0.993434 -0.0611043 -0.0967202 -79.2123 0.048933 0.99113 -0.123559 -4.01559 0.103412 0.118015 0.987613 49.992 0 0 0 1
0.991995 -0.076883 -0.100171 -79.2359 0.0638526 0.9898 -0.127355 -4.07505 0.10894 0.11994 0.986786 50.8852 0 0 0 1
0.99244 -0.0741862 -0.0977725 -79.3988 0.0610072 0.989438 -0.131496 -4.2491 0.106495 0.124537 0.986483 51.8265 0 0 0 1
0.993227 -0.0664624 -0.0953057 -79.5228 0.0531499 0.989284 -0.135987 -4.41332 0.103322 0.13 0.986116 52.6692 0 0 0 1
0.992967 -0.0709732 -0.0947551 -79.5933 0.0575656 0.98884 -0.137411 -4.51689 0.10345 0.13099 0.985971 53.5196 0 0 0 1
0.994032 -0.0617524 -0.0899326 -79.8511 0.0494468 0.989862 -0.133151 -4.73875 0.0972432 0.127909 0.987007 54.5583 0 0 0 1
0.992753 -0.0721922 -0.0960766 -79.653 0.0599737 0.990407 -0.12449 -4.7475 0.104142 0.117826 0.987558 55.0243 0 0 0 1
0.993642 -0.061612 -0.0942347 -79.8823 0.0502658 0.991697 -0.118366 -4.91584 0.100745 0.112877 0.988488 55.9854 0 0 0 1
0.993065 -0.0633976 -0.0990051 -79.9025 0.0513142 0.991428 -0.120154 -5.03336 0.105774 0.114241 0.987806 56.761 0 0 0 1
0.992363 -0.0676459 -0.103144 -79.9707 0.0544904 0.990606 -0.125418 -5.13431 0.110659 0.11884 0.986728 57.6574 0 0 0 1
0.992562 -0.0635304 -0.103848 -80.0152 0.050145 0.990663 -0.126773 -5.26222 0.110933 0.120623 0.986481 58.2939 0 0 0 1
0.991164 -0.0811505 -0.104917 -80.3574 0.0669485 0.988928 -0.132439 -5.31566 0.114503 0.124244 0.985623 59.4781 0 0 0 1
0.991546 -0.0756504 -0.105416 -80.5398 0.0613647 0.989251 -0.132725 -5.49356 0.114324 0.125134 0.985531 60.4438 0 0 0 1
0.991785 -0.077406 -0.101837 -80.6718 0.0638447 0.98942 -0.130275 -5.64599 0.110844 0.122703 0.986234 61.1637 0 0 0 1
0.991295 -0.0783496 -0.105807 -80.7346 0.0637439 0.988795 -0.134988 -5.74797 0.115198 0.127068 0.985182 61.9409 0 0 0 1
0.990993 -0.076923 -0.109619 -80.8218 0.0618237 0.988909 -0.135041 -5.84687 0.118791 0.127048 0.984758 62.6775 0 0 0 1
0.990248 -0.0738727 -0.118115 -80.8693 0.0577162 0.989192 -0.134791 -5.96763 0.126795 0.12666 0.983809 63.5879 0 0 0 1
0.991306 -0.0579616 -0.118123 -81.0528 0.0422915 0.990467 -0.131095 -6.0545 0.124595 0.12496 0.984307 64.3936 0 0 0 1
0.989619 -0.0680304 -0.126593 -81.0962 0.0523069 0.990949 -0.123631 -6.22255 0.133858 0.115725 0.98422 65.3741 0 0 0 1
0.989696 -0.0629816 -0.128586 -81.2622 0.0475236 0.991644 -0.119931 -6.35611 0.135065 0.112584 0.98442 66.1574 0 0 0 1
0.989093 -0.0624844 -0.133379 -81.3905 0.0465304 0.991738 -0.119548 -6.45038 0.139747 0.112037 0.983828 66.9342 0 0 0 1
0.988363 -0.0593385 -0.140066 -81.4885 0.0427197 0.991998 -0.118809 -6.50902 0.145995 0.111443 0.982988 67.8039 0 0 0 1
0.98736 -0.0607297 -0.1464 -81.6047 0.0432048 0.991828 -0.120046 -6.612 0.152494 0.112204 0.981914 68.5198 0 0 0 1
0.985966 -0.0622536 -0.154906 -81.7137 0.0420506 0.990564 -0.130439 -6.5892 0.161565 0.122094 0.97928 69.3746 0 0 0 1
0.983978 -0.0665991 -0.165384 -81.6819 0.0442747 0.989831 -0.13518 -6.637 0.172705 0.125692 0.976921 70.0544 0 0 0 1
0.982257 -0.0684225 -0.174612 -81.7605 0.0440278 0.98918 -0.139942 -6.72165 0.182298 0.129771 0.974642 70.7878 0 0 0 1
0.981421 -0.0632837 -0.18113 -81.81 0.0376805 0.989228 -0.141453 -6.83632 0.188131 0.132 0.973233 71.4566 0 0 0 1
0.980555 -0.0608999 -0.186554 -81.9449 0.0352727 0.989841 -0.137732 -6.95091 0.193047 0.128473 0.972742 72.2029 0 0 0 1
0.979683 -0.0562307 -0.192509 -82.1228 0.030054 0.990213 -0.13629 -7.01706 0.198289 0.127735 0.971785 72.9162 0 0 0 1
0.979032 -0.0471463 -0.198176 -82.2857 0.0205879 0.990768 -0.133997 -7.17114 0.202664 0.127107 0.970964 73.6239 0 0 0 1
0.977658 -0.0398415 -0.206393 -82.4378 0.0109333 0.990183 -0.139352 -7.34293 0.209919 0.133982 0.968495 74.4297 0 0 0 1
0.975692 -0.0401525 -0.215435 -82.6177 0.00738888 0.98854 -0.150779 -7.40802 0.21902 0.145522 0.964807 75.1901 0 0 0 1
0.973505 -0.0422946 -0.22472 -82.7478 0.00763115 0.988207 -0.152932 -7.53951 0.228538 0.147165 0.962347 75.8995 0 0 0 1
0.970194 -0.0441205 -0.23828 -82.9178 0.0101119 0.9898 -0.142102 -7.69877 0.242119 0.135457 0.960744 76.6262 0 0 0 1
0.967284 -0.0451639 -0.249643 -83.148 0.0105952 0.990359 -0.138117 -7.79262 0.253474 0.130953 0.958437 77.3804 0 0 0 1
0.964167 -0.0360253 -0.262838 -83.3661 0.00127333 0.991354 -0.131207 -7.92508 0.265292 0.126171 0.955877 78.1278 0 0 0 1
0.960013 -0.0500261 -0.275449 -83.6165 0.0150757 0.991715 -0.127569 -8.01207 0.279549 0.118315 0.952814 78.8972 0 0 0 1
0.957581 -0.0473527 -0.284248 -83.8836 0.0103805 0.991434 -0.130192 -8.1528 0.287978 0.121719 0.94987 79.5861 0 0 0 1
0.954617 -0.046617 -0.294166 -84.1376 0.00472607 0.989922 -0.141538 -8.20869 0.297799 0.133724 0.945216 80.3259 0 0 0 1
0.9513 -0.0533992 -0.303605 -84.3563 0.00830605 0.988965 -0.147917 -8.25051 0.308153 0.138192 0.941246 80.8274 0 0 0 1
0.947515 -0.0708025 -0.311773 -84.7046 0.0257528 0.988903 -0.14631 -8.25805 0.318673 0.130602 0.938824 81.5313 0 0 0 1
0.947417 -0.0436141 -0.317015 -85.1513 -0.00240711 0.989669 -0.14335 -8.47809 0.319992 0.136575 0.937525 82.281 0 0 0 1
0.943939 -0.0403162 -0.327648 -85.4088 -0.00576149 0.990351 -0.138459 -8.61287 0.330069 0.132584 0.934599 82.9455 0 0 0 1
0.936742 -0.0526141 -0.346044 -85.4719 0.00296561 0.989795 -0.142465 -8.65494 0.350008 0.132427 0.927339 83.5844 0 0 0 1
0.929569 -0.072396 -0.361469 -85.478 0.0214345 0.989483 -0.143054 -8.70741 0.368024 0.125231 0.921344 84.098 0 0 0 1
0.926106 -0.073443 -0.370045 -85.7176 0.0182856 0.988454 -0.150416 -8.83087 0.376819 0.132535 0.916756 84.7268 0 0 0 1
0.922026 -0.0782475 -0.379137 -85.8842 0.0195535 0.987523 -0.156256 -8.9533 0.386633 0.136658 0.912052 85.3444 0 0 0 1
0.920226 -0.0663787 -0.385717 -86.1206 0.00515633 0.987484 -0.157636 -9.12244 0.391353 0.143072 0.909051 85.9673 0 0 0 1
0.917673 -0.0597845 -0.392814 -86.5119 -0.00338824 0.987402 -0.158194 -9.2641 0.397323 0.146501 0.905909 86.6783 0 0 0 1
0.914623 -0.0587027 -0.400023 -86.7778 -0.00530456 0.987576 -0.157054 -9.37031 0.404273 0.145767 0.902948 87.2709 0 0 0 1
0.908911 -0.0680313 -0.411403 -87.0192 0.00470045 0.98821 -0.15303 -9.41127 0.416964 0.137157 0.898515 87.9499 0 0 0 1
0.905929 -0.0714758 -0.417354 -87.395 0.0115341 0.98945 -0.144416 -9.51444 0.423273 0.126017 0.897195 88.5968 0 0 0 1
0.903273 -0.067521 -0.42372 -87.7792 0.00859156 0.990188 -0.139474 -9.59559 0.42898 0.122343 0.894991 89.3261 0 0 0 1
0.901165 -0.0798327 -0.426062 -88.1019 0.0182776 0.989019 -0.146657 -9.56785 0.433091 0.124375 0.892728 89.945 0 0 0 1
0.899987 -0.0939984 -0.425661 -88.5469 0.0286192 0.987109 -0.157472 -9.63409 0.434976 0.129541 0.891075 90.6301 0 0 0 1
0.899734 -0.0943143 -0.426126 -88.9754 0.0245704 0.985769 -0.166301 -9.73428 0.435746 0.139157 0.889247 91.3506 0 0 0 1
0.897882 -0.0912775 -0.430669 -89.3471 0.02084 0.985985 -0.165525 -9.94743 0.439742 0.139647 0.887201 92.0681 0 0 0 1
0.896255 -0.0793518 -0.436383 -89.6494 0.0105112 0.98739 -0.157959 -10.1299 0.443414 0.136984 0.885787 92.7114 0 0 0 1
0.885779 -0.081762 -0.456849 -89.7352 0.00922193 0.987266 -0.15881 -10.185 0.464017 0.136457 0.875253 93.4937 0 0 0 1
0.881378 -0.0858542 -0.464545 -90.0066 0.0117256 0.98702 -0.160168 -10.3345 0.472266 0.135721 0.870945 94.1534 0 0 0 1
0.879881 -0.0870402 -0.467156 -90.4246 0.00880817 0.9859 -0.167102 -10.4732 0.475113 0.142915 0.868241 94.816 0 0 0 1
0.878305 -0.0901349 -0.469528 -90.8292 0.0106721 0.98552 -0.169226 -10.6486 0.477982 0.143621 0.866548 95.4686 0 0 0 1
0.878994 -0.0915878 -0.467954 -91.3186 0.0155674 0.986369 -0.16381 -10.8292 0.476578 0.136704 0.868438 96.1157 0 0 0 1
0.878135 -0.0948445 -0.468917 -91.8488 0.0200242 0.986579 -0.162049 -10.9094 0.477993 0.132912 0.868249 96.8326 0 0 0 1
0.877112 -0.0878494 -0.472183 -92.2137 0.0118464 0.986788 -0.161586 -11.0669 0.48014 0.136135 0.866564 97.476 0 0 0 1
0.8714 -0.1042 -0.479378 -92.5428 0.0258699 0.985582 -0.167206 -11.0755 0.48989 0.133302 0.861533 98.1654 0 0 0 1
0.868781 -0.104639 -0.484015 -92.906 0.0251008 0.985469 -0.167993 -11.2334 0.49456 0.1338 0.858783 98.812 0 0 0 1
0.868935 -0.112339 -0.482008 -93.3376 0.034544 0.98529 -0.167362 -11.3677 0.493719 0.128776 0.860034 99.4251 0 0 0 1
0.867366 -0.111376 -0.485048 -93.7184 0.0329199 0.985342 -0.167384 -11.5115 0.496581 0.129216 0.858319 100.041 0 0 0 1
0.865159 -0.107198 -0.489906 -94.0701 0.027406 0.985534 -0.16725 -11.6493 0.500748 0.131271 0.855581 100.68 0 0 0 1
0.862931 -0.108283 -0.493585 -94.4605 0.0275358 0.985396 -0.168036 -11.7901 0.504572 0.131412 0.85331 101.287 0 0 0 1
0.861921 -0.105955 -0.495848 -94.858 0.021396 0.984652 -0.173213 -11.9067 0.506591 0.138687 0.850959 101.914 0 0 0 1
0.861841 -0.103677 -0.496469 -95.2694 0.0159832 0.983949 -0.177732 -12.0319 0.506927 0.145241 0.849665 102.476 0 0 0 1
0.857789 -0.103865 -0.503398 -95.6128 0.013966 0.983719 -0.17917 -12.182 0.513812 0.146659 0.845274 103.126 0 0 0 1
0.856565 -0.101189 -0.506021 -96.0549 0.0124695 0.984359 -0.175734 -12.3406 0.515888 0.144218 0.844429 103.764 0 0 0 1
0.855634 -0.0927155 -0.50921 -96.3563 0.00827305 0.986149 -0.165654 -12.5044 0.517516 0.137526 0.84455 104.331 0 0 0 1
0.854249 -0.0941583 -0.511266 -96.8477 0.0150293 0.987523 -0.156757 -12.6539 0.519647 0.126226 0.845005 104.985 0 0 0 1
0.851836 -0.0967343 -0.514798 -97.2545 0.0181664 0.987664 -0.155529 -12.7145 0.523493 0.123134 0.843086 105.666 0 0 0 1
0.849515 -0.10226 -0.517558 -97.6453 0.0232093 0.987328 -0.156983 -12.8317 0.527053 0.121348 0.841124 106.247 0 0 0 1
0.848145 -0.0998618 -0.520266 -97.9613 0.0150608 0.986221 -0.164746 -12.8982 0.52955 0.131893 0.837963 106.764 0 0 0 1
0.846604 -0.103548 -0.522052 -98.3075 0.0169099 0.985629 -0.168075 -13.0022 0.531954 0.133465 0.836189 107.213 0 0 0 1
0.844643 -0.107222 -0.524483 -98.6302 0.0190066 0.985125 -0.170785 -13.0904 0.534993 0.134283 0.834116 107.738 0 0 0 1
0.843992 -0.109322 -0.525097 -98.9984 0.0204662 0.984859 -0.172146 -13.2097 0.535965 0.134543 0.83345 108.267 0 0 0 1
0.843498 -0.10789 -0.526186 -99.3257 0.019097 0.985024 -0.171357 -13.3113 0.536793 0.134491 0.832926 108.704 0 0 0 1
0.841126 -0.10788 -0.529971 -99.6008 0.0171591 0.984734 -0.173217 -13.3407 0.540567 0.136604 0.830136 109.245 0 0 0 1
0.839739 -0.107815 -0.532179 -99.9039 0.0133453 0.983891 -0.178271 -13.3595 0.542826 0.142599 0.82765 109.764 0 0 0 1
0.845247 -0.109639 -0.523007 -100.325 0.0167574 0.983683 -0.17913 -13.4074 0.534113 0.142645 0.833292 109.952 0 0 0 1
0.850901 -0.0987712 -0.515957 -100.714 0.00788643 0.984457 -0.175451 -13.5565 0.525267 0.145223 0.838454 110.162 0 0 0 1
0.851207 -0.0987338 -0.515459 -101.006 0.00637897 0.984019 -0.17795 -13.6683 0.524791 0.148185 0.838234 110.556 0 0 0 1
0.851879 -0.0902841 -0.515898 -101.325 -0.00156532 0.984587 -0.174891 -13.9196 0.523736 0.149794 0.838607 111.009 0 0 0 1
0.850647 -0.0990798 -0.516317 -101.611 0.00820696 0.984464 -0.175395 -14.0382 0.525673 0.144962 0.838244 111.3 0 0 0 1
0.849426 -0.0989528 -0.518347 -101.867 0.00528786 0.983809 -0.179144 -14.0876 0.527681 0.149429 0.836196 111.663 0 0 0 1
0.845419 -0.1045 -0.523781 -102.089 0.00629066 0.982553 -0.185877 -14.0084 0.534066 0.153849 0.831326 112.017 0 0 0 1
0.839196 -0.102291 -0.534123 -102.224 0.00206758 0.982744 -0.184959 -14.0773 0.543826 0.154113 0.824926 112.377 0 0 0 1
0.832776 -0.0913463 -0.546021 -102.334 -0.00937307 0.983826 -0.178884 -14.2006 0.55353 0.154088 0.818451 112.775 0 0 0 1
0.823213 -0.0825501 -0.561699 -102.277 -0.0185529 0.984932 -0.171941 -14.2163 0.567429 0.151965 0.809278 113.016 0 0 0 1
0.821771 -0.0741324 -0.564975 -102.578 -0.0223009 0.986557 -0.161887 -14.372 0.569381 0.145633 0.809071 113.252 0 0 0 1
0.817246 -0.0750209 -0.571385 -102.761 -0.0196202 0.987294 -0.157691 -14.4603 0.575955 0.140083 0.80539 113.453 0 0 0 1
0.808638 -0.0780017 -0.583112 -102.902 -0.0177376 0.987488 -0.156692 -14.5121 0.588038 0.13705 0.797137 113.685 0 0 0 1
0.803486 -0.0624695 -0.592037 -103.109 -0.0319591 0.988519 -0.147678 -14.6225 0.594466 0.137578 0.792264 113.861 0 0 0 1
0.789684 -0.0695074 -0.609564 -103.231 -0.0291119 0.988197 -0.150396 -14.64 0.612823 0.136511 0.77834 114.106 0 0 0 1
0.778985 -0.066128 -0.623546 -103.411 -0.0292808 0.989503 -0.141518 -14.8362 0.626358 0.128499 0.768871 114.203 0 0 0 1
0.765019 -0.0629897 -0.64092 -103.528 -0.0363396 0.989397 -0.140614 -14.8913 0.642981 0.130863 0.754619 114.341 0 0 0 1
0.750751 -0.0670995 -0.657169 -103.7 -0.0428347 0.987789 -0.149792 -14.8784 0.659195 0.140606 0.73871 114.506 0 0 0 1
0.738252 -0.0786785 -0.669921 -103.942 -0.0434693 0.98556 -0.163652 -14.7961 0.673123 0.149937 0.724171 114.658 0 0 0 1
0.724548 -0.0812141 -0.684423 -104.128 -0.0516493 0.983843 -0.171421 -14.7842 0.687286 0.159553 0.708647 114.804 0 0 0 1
0.710907 -0.0889964 -0.697633 -104.38 -0.0648509 0.979439 -0.191031 -14.5756 0.70029 0.181047 0.690518 115.04 0 0 0 1
0.688628 -0.0824928 -0.720407 -104.447 -0.073025 0.980567 -0.182087 -14.7317 0.721429 0.177998 0.669222 115.237 0 0 0 1
0.658428 -0.0880823 -0.747472 -104.469 -0.0786642 0.979635 -0.184734 -14.6963 0.748522 0.180433 0.63809 115.544 0 0 0 1
0.640347 -0.0957388 -0.762096 -104.704 -0.0783226 0.97889 -0.188784 -14.661 0.764082 0.180576 0.619331 115.673 0 0 0 1
0.62011 -0.0997443 -0.778148 -104.938 -0.0820405 0.978201 -0.190766 -14.6323 0.780213 0.182135 0.598409 115.771 0 0 0 1
0.599456 -0.10379 -0.79365 -105.174 -0.0858097 0.977509 -0.192647 -14.6039 0.795795 0.183586 0.577068 115.863 0 0 0 1
0.57619 -0.102054 -0.810919 -105.38 -0.0942615 0.977256 -0.189964 -14.6126 0.811862 0.185894 0.553465 115.96 0 0 0 1
0.552516 -0.0988071 -0.827625 -105.57 -0.10515 0.976753 -0.186809 -14.6521 0.826843 0.19024 0.529282 116.039 0 0 0 1
0.521027 -0.0806555 -0.849721 -105.673 -0.111023 0.980663 -0.161161 -14.9578 0.846289 0.178308 0.501998 116.138 0 0 0 1
0.493295 -0.0775135 -0.866401 -105.84 -0.121351 0.980149 -0.156783 -14.9739 0.861356 0.182479 0.474097 116.234 0 0 0 1
0.46508 -0.0761671 -0.881986 -106.043 -0.124188 0.980827 -0.150188 -15.0051 0.876515 0.179381 0.446704 116.302 0 0 0 1
0.434673 -0.0736693 -0.89757 -106.186 -0.130664 0.980944 -0.14379 -15.0599 0.891059 0.179782 0.416764 116.338 0 0 0 1
0.393733 -0.0781223 -0.915899 -106.432 -0.121398 0.983235 -0.136053 -15.1017 0.911173 0.164757 0.377649 116.494 0 0 0 1
0.371874 -0.0869388 -0.924203 -106.733 -0.144778 0.977989 -0.150253 -15.0117 0.916924 0.18968 0.351102 116.463 0 0 0 1
0.329156 -0.085163 -0.940427 -107.019 -0.151119 0.978337 -0.141489 -15.1317 0.932105 0.188688 0.309156 116.566 0 0 0 1
0.290225 -0.0882703 -0.952879 -107.148 -0.159301 0.977387 -0.13906 -15.1184 0.943606 0.192153 0.2696 116.59 0 0 0 1
0.245908 -0.0951946 -0.964607 -107.526 -0.170508 0.975399 -0.139728 -15.0984 0.954178 0.198834 0.223627 116.654 0 0 0 1
0.187937 -0.0897605 -0.978071 -107.816 -0.1819 0.975408 -0.124468 -15.2591 0.96519 0.201303 0.166987 116.813 0 0 0 1
0.125556 -0.100061 -0.987028 -108.319 -0.190866 0.973878 -0.123008 -15.2577 0.973553 0.203834 0.103178 116.996 0 0 0 1
0.0709204 -0.100097 -0.992447 -108.659 -0.202585 0.972771 -0.112589 -15.2938 0.976693 0.20904 0.0487112 117.052 0 0 0 1
0.0264165 -0.0929337 -0.995322 -108.974 -0.205539 0.973891 -0.0963878 -15.3581 0.978292 0.207123 0.00662526 116.895 0 0 0 1
