0.999961 -0.00285701 -0.00832357 0.0554951 0.00287505 0.999994 0.00215638 -0.0336363 0.00831735 -0.00218023 0.999963 0.173918 0 0 0 1
0.999872 -0.00403289 -0.0155028 0.0614125 0.00406797 0.999989 0.0022323 -0.0197624 0.0154937 -0.00229508 0.999877 0.252342 0 0 0 1
0.999759 -0.00242382 -0.0218076 0.0132796 0.00247173 0.999995 0.00217015 -0.0283148 0.0218022 -0.00222353 0.99976 0.313039 0 0 0 1
0.999535 0.0012491 -0.0304612 -0.0415055 -0.0012034 0.999998 0.00151861 -0.0526815 0.030463 -0.00148125 0.999535 0.468597 0 0 0 1
0.999168 0.00492644 -0.0404737 -0.0480048 -0.00493393 0.999988 -8.51775e-05 -0.0703866 0.0404728 0.000284801 0.999181 0.491011 0 0 0 1
0.998508 0.0117732 -0.0533196 -0.0789226 -0.0124674 0.999842 -0.0127043 0.0616048 0.0531616 0.0133501 0.998497 0.604827 0 0 0 1
0.997294 0.01183 -0.0725619 -0.0314045 -0.0128097 0.999833 -0.013051 0.0718506 0.0723954 0.0139452 0.997279 0.846341 0 0 0 1
0.995418 0.0094412 -0.0951546 0.0561134 -0.0107203 0.999859 -0.01294 0.0820942 0.095019 0.0139008 0.995378 1.135 0 0 0 1
0.993392 0.00840793 -0.114467 -0.015956 -0.00993175 0.999869 -0.0127485 0.0829737 0.114344 0.0138011 0.993345 1.35812 0 0 0 1
0.99104 0.00564522 -0.133444 -0.0635476 -0.00730434 0.999902 -0.0119468 0.0606325 0.133363 0.0128145 0.990984 1.42104 0 0 0 1
0.987495 0.00586039 -0.157541 -0.115358 -0.00846177 0.999839 -0.0158468 0.145285 0.157422 0.0169817 0.987385 1.50044 0 0 0 1
0.983318 0.00427933 -0.181845 -0.0636529 -0.0063509 0.999921 -0.0108112 0.0541777 0.181784 0.0117857 0.983268 1.31865 0 0 0 1
0.976594 0.0267374 -0.213424 -0.101975 -0.0294714 0.999519 -0.00963849 -0.0472045 0.213064 0.0157028 0.976912 1.49395 0 0 0 1
0.970159 0.0281052 -0.240835 -0.116098 -0.0307225 0.999503 -0.00711892 -0.141767 0.240515 0.0143055 0.97054 1.41404 0 0 0 1
0.962032 0.0198541 -0.272213 -0.27071 -0.0229181 0.999705 -0.0080807 -0.0834179 0.271972 0.0140125 0.962203 1.75641 0 0 0 1
0.953726 0.0491355 -0.296634 -0.36069 -0.0534935 0.998546 -0.0065875 -0.175742 0.295879 0.0221507 0.954969 1.6389 0 0 0 1
0.942286 0.0498773 -0.331073 -0.412299 -0.0541119 0.998528 -0.00357911 -0.202286 0.330407 0.0212875 0.943598 1.64076 0 0 0 1
0.929384 0.0545141 -0.365066 -0.497017 -0.0589789 0.998259 -0.00108172 -0.232098 0.364371 0.0225365 0.930981 1.75513 0 0 0 1
0.916629 0.0553833 -0.395885 -0.61485 -0.0585764 0.998275 0.0040289 -0.269245 0.395425 0.0194965 0.918291 1.85306 0 0 0 1
0.90105 0.0491381 -0.430922 -0.730502 -0.0526556 0.998606 0.00376913 -0.246548 0.430506 0.0192943 0.902381 2.02182 0 0 0 1
0.883251 0.0249163 -0.468237 -1.00203 -0.0279474 0.999609 0.000474197 -0.210089 0.468066 0.0126672 0.883603 2.38858 0 0 0 1
0.862374 0.0205065 -0.505857 -1.13374 -0.0236581 0.99972 0.000194952 -0.218751 0.505719 0.0117995 0.862618 2.50668 0 0 0 1
0.839588 0.035254 -0.542079 -1.2978 -0.0360388 0.999308 0.00917193 -0.299612 0.542027 0.0118352 0.840278 2.55503 0 0 0 1
0.811254 0.0303473 -0.583906 -1.48466 -0.030366 0.999491 0.0097573 -0.305319 0.583905 0.00981521 0.811763 2.72593 0 0 0 1
0.775745 0.0308399 -0.630293 -1.63322 -0.0322868 0.999437 0.00916428 -0.288988 0.63022 0.013241 0.776303 2.91573 0 0 0 1
0.742012 0.0304835 -0.669693 -1.8372 -0.034641 0.999375 0.00710834 -0.264645 0.669491 0.0179244 0.742604 3.02097 0 0 0 1
0.70195 0.0258882 -0.711756 -2.05669 -0.0289967 0.999549 0.00775876 -0.252488 0.711636 0.0151923 0.702384 3.19237 0 0 0 1
0.655563 0.0217777 -0.754827 -2.26695 -0.0191047 0.999742 0.0122515 -0.266942 0.754899 0.00638915 0.65581 3.43342 0 0 0 1
0.609933 0.0216603 -0.792157 -2.49851 -0.0171156 0.999753 0.0141583 -0.26447 0.792268 0.00492266 0.610153 3.57903 0 0 0 1
0.561589 0.0220788 -0.827121 -2.8035 -0.0158586 0.999748 0.0159194 -0.255324 0.827264 0.00417681 0.561798 3.71355 0 0 0 1
0.509503 0.0237257 -0.860142 -3.06599 -0.015919 0.999709 0.0181459 -0.256778 0.860322 0.0044472 0.509732 3.84855 0 0 0 1
0.457319 0.0269299 -0.888895 -3.33732 -0.00971404 0.999633 0.0252872 -0.335 0.88925 -0.00292954 0.457412 3.867 0 0 0 1
0.405188 0.0296539 -0.913752 -3.53196 -0.00106055 0.999488 0.031966 -0.402909 0.914233 -0.0119832 0.405013 3.84597 0 0 0 1
0.349224 0.032154 -0.936488 -3.82428 -0.00200041 0.999434 0.0335693 -0.411354 0.937037 -0.00984984 0.349091 3.92683 0 0 0 1
0.29442 0.0376545 -0.954934 -3.92152 0.00621781 0.999127 0.0413141 -0.494111 0.955656 -0.0181013 0.293929 3.93845 0 0 0 1
0.24197 0.0433638 -0.969314 -4.08603 0.0259303 0.998355 0.051136 -0.581981 0.969937 -0.037508 0.240448 3.93742 0 0 0 1
0.190042 0.0425112 -0.980855 -4.55872 0.0304992 0.998324 0.0491776 -0.564935 0.981302 -0.0392611 0.188427 4.02182 0 0 0 1
0.14247 0.042058 -0.988905 -4.94013 0.0300521 0.998452 0.0467936 -0.520564 0.989343 -0.0363854 0.140985 4.04287 0 0 0 1
0.10128 0.0417309 -0.993982 -5.31751 0.0282689 0.998596 0.044805 -0.514032 0.994456 -0.0326366 0.099958 4.00452 0 0 0 1
0.0625399 0.0391854 -0.997273 -5.87374 0.0292166 0.998729 0.0410748 -0.478618 0.997615 -0.0317058 0.0613156 4.04777 0 0 0 1
0.0254627 0.0384475 -0.998936 -6.70118 0.0428187 0.998301 0.0395145 -0.457745 0.998758 -0.0437793 0.0237732 4.2259 0 0 0 1
-0.00392326 0.0355087 -0.999362 -7.13172 0.0401386 0.99857 0.035323 -0.441284 0.999186 -0.0399744 -0.00534292 4.14942 0 0 0 1
-0.0289465 0.0379121 -0.998862 -7.29626 0.0439057 0.998364 0.0366208 -0.532287 0.998616 -0.0427957 -0.0305637 3.95931 0 0 0 1
-0.048941 0.0363783 -0.998139 -7.76178 0.048374 0.99825 0.0340105 -0.54246 0.99763 -0.0466195 -0.0506152 3.89363 0 0 0 1
-0.0667018 0.0365647 -0.997103 -8.09385 0.0480212 0.998288 0.0333958 -0.564888 0.996617 -0.0456545 -0.0683435 3.93958 0 0 0 1
-0.0789605 0.0369957 -0.996191 -8.58192 0.0428625 0.998513 0.0336845 -0.598439 0.995956 -0.0400395 -0.0804288 3.84802 0 0 0 1
-0.0882558 0.0365307 -0.995428 -9.17456 0.0384176 0.998709 0.033245 -0.554453 0.995357 -0.0353078 -0.0895453 3.76771 0 0 0 1
-0.0954071 0.0393537 -0.99466 -9.48786 0.0474371 0.998263 0.0349461 -0.52649 0.994307 -0.0438497 -0.0971082 3.7887 0 0 0 1
-0.100878 0.0389134 -0.994137 -9.93695 0.0420223 0.99851 0.0348204 -0.531375 0.994011 -0.0382633 -0.102363 3.81207 0 0 0 1
-0.100733 0.0410866 -0.994065 -10.5516 0.0414379 0.998453 0.0370689 -0.539699 0.99405 -0.0374578 -0.10228 3.7177 0 0 0 1
-0.0989067 0.0421346 -0.994204 -11.1671 0.0270404 0.998848 0.0396413 -0.551218 0.994729 -0.0229629 -0.0999321 3.5839 0 0 0 1
-0.098888 0.0415322 -0.994231 -11.8641 0.0235783 0.998946 0.039384 -0.499189 0.994819 -0.0195477 -0.099763 3.54596 0 0 0 1
-0.0963713 0.0408312 -0.994508 -12.5672 0.0221373 0.998999 0.0388705 -0.454103 0.995099 -0.0182697 -0.0971787 3.43842 0 0 0 1
-0.0950628 0.0392397 -0.994698 -13.2261 0.0190542 0.999111 0.0375929 -0.457431 0.995289 -0.0153795 -0.095726 3.40338 0 0 0 1
-0.0935824 0.0360603 -0.994958 -13.8403 0.0158939 0.999271 0.0347217 -0.33825 0.995485 -0.0125644 -0.0940873 3.32845 0 0 0 1
-0.0934642 0.0393986 -0.994843 -14.6123 0.0170736 0.999133 0.0379645 -0.314501 0.995476 -0.0134372 -0.0940558 3.31391 0 0 0 1
-0.0887243 0.0443722 -0.995067 -15.4287 0.012874 0.998975 0.0433986 -0.342653 0.995973 -0.00896 -0.0892046 3.13889 0 0 0 1
-0.0872482 0.0456154 -0.995142 -16.1879 0.0152909 0.998895 0.0444468 -0.291122 0.996069 -0.0113387 -0.0878493 3.05858 0 0 0 1
-0.086039 0.0487234 -0.9951 -16.8278 0.0111882 0.998788 0.0479366 -0.38045 0.996229 -0.00700899 -0.0864799 3.03436 0 0 0 1
-0.0838535 0.0457641 -0.995427 -17.4144 0.00835768 0.998942 0.0452217 -0.34759 0.996443 -0.00452745 -0.0841473 3.00804 0 0 0 1
-0.0818226 0.0451464 -0.995624 -18.218 0.00573989 0.998978 0.0448268 -0.308829 0.99663 -0.00204693 -0.0819982 2.94515 0 0 0 1
-0.0806023 0.0478123 -0.995599 -18.914 0.0061751 0.998854 0.0474686 -0.276278 0.996727 -0.00232184 -0.0808051 2.92262 0 0 0 1
-0.0776186 0.0487559 -0.99579 -19.9047 0.00247237 0.99881 0.048711 -0.25579 0.99698 0.00131892 -0.0776468 2.77551 0 0 0 1
-0.0747868 0.0512286 -0.995883 -20.7297 0.0059902 0.998685 0.0509229 -0.222989 0.997182 -0.00215717 -0.0749953 2.67993 0 0 0 1
-0.0729565 0.0472458 -0.996215 -21.502 0.00803232 0.998873 0.0467836 -0.210473 0.997303 -0.00458876 -0.0732538 2.59927 0 0 0 1
-0.0744169 0.0420868 -0.996339 -22.3744 0.0263989 0.998842 0.0402208 -0.110942 0.996878 -0.0233091 -0.0754418 2.56458 0 0 0 1
-0.0749019 0.0395778 -0.996405 -23.26 0.0346276 0.998713 0.0370664 -0.167183 0.996589 -0.0317268 -0.076176 2.53139 0 0 0 1
-0.0752299 0.0403314 -0.99635 -24.431 0.0261442 0.998918 0.0384613 -0.256186 0.996823 -0.0231553 -0.076203 2.41186 0 0 0 1
-0.0779311 0.0489969 -0.995754 -25.1973 0.0293535 0.998471 0.0468333 -0.245919 0.996527 -0.0255791 -0.0792502 2.45819 0 0 0 1
-0.0817691 0.0566515 -0.99504 -25.9919 0.0281004 0.998117 0.0545176 -0.217015 0.996255 -0.0235032 -0.0832071 2.49199 0 0 0 1
-0.0795742 0.0621828 -0.994888 -26.7631 0.029722 0.997757 0.0599849 -0.176537 0.996386 -0.0247968 -0.0812439 2.318 0 0 0 1
-0.0782272 0.0623045 -0.994987 -27.5461 0.0266951 0.997818 0.060383 -0.162632 0.996578 -0.0218377 -0.0797198 2.20725 0 0 0 1
-0.0781741 0.0563109 -0.995348 -28.3508 0.0268723 0.99816 0.0543595 -0.0364893 0.996577 -0.0224978 -0.0795435 2.11955 0 0 0 1
-0.0786591 0.0530661 -0.995488 -29.1518 0.024299 0.998388 0.0513007 0.0113556 0.996605 -0.0201541 -0.0798218 2.05055 0 0 0 1
-0.0786648 0.0563165 -0.995309 -29.9686 0.0254917 0.99819 0.0544648 -0.0312404 0.996575 -0.0210876 -0.079958 1.98065 0 0 0 1
-0.0786675 0.0588617 -0.995162 -30.8272 0.0259394 0.998038 0.0569813 -0.00877669 0.996563 -0.0213313 -0.08004 1.88819 0 0 0 1
-0.0765894 0.0554036 -0.995522 -31.6916 0.0245565 0.998257 0.0536665 0.0893408 0.99676 -0.0203362 -0.0778165 1.7448 0 0 0 1
-0.0758352 0.0505739 -0.995837 -32.4988 0.0212886 0.998567 0.0490914 0.105721 0.996893 -0.0174771 -0.0768033 1.66436 0 0 0 1
-0.0835274 0.0395393 -0.995721 -33.2173 0.0247853 0.998986 0.0375898 0.260833 0.996197 -0.0215394 -0.0844227 1.76168 0 0 0 1
-0.0819911 0.0396223 -0.995845 -33.972 0.0318673 0.998803 0.0371162 0.333232 0.996123 -0.0286917 -0.0831556 1.70858 0 0 0 1
-0.0793459 0.0444048 -0.995858 -34.7499 0.0292615 0.998681 0.0421993 0.29655 0.996418 -0.0257919 -0.0805406 1.614 0 0 0 1
-0.0788808 0.0473155 -0.995761 -35.6601 0.0269989 0.998608 0.045312 0.356218 0.996518 -0.0233102 -0.0800484 1.53594 0 0 0 1
-0.0792326 0.0524771 -0.995474 -36.3283 0.0192884 0.998507 0.0511018 0.343556 0.99667 -0.0151522 -0.0801265 1.54816 0 0 0 1
-0.0774319 0.0578234 -0.995319 -37.2134 0.0203532 0.9982 0.0564074 0.345837 0.99679 -0.0158902 -0.0784694 1.42604 0 0 0 1
-0.0781138 0.0589224 -0.995202 -38.0223 0.0232904 0.998087 0.0572652 0.330133 0.996672 -0.0187054 -0.0793367 1.35956 0 0 0 1
-0.0713042 0.0552603 -0.995923 -38.8732 0.0263232 0.998221 0.0535032 0.311852 0.997107 -0.0224009 -0.0726319 1.13892 0 0 0 1
-0.0719439 0.0523119 -0.996036 -39.6618 0.029147 0.998307 0.0503259 0.269483 0.996983 -0.0254109 -0.0733469 1.15635 0 0 0 1
-0.0721621 0.0490702 -0.996185 -40.4822 0.0187085 0.99868 0.0478379 0.299877 0.997217 -0.015185 -0.0729849 1.081 0 0 0 1
-0.0755406 0.0435551 -0.996191 -41.3042 0.0212428 0.998889 0.0420622 0.378796 0.996916 -0.0179845 -0.0763819 1.0585 0 0 0 1
-0.0793616 0.0418742 -0.995966 -42.1916 0.00666221 0.999117 0.0414758 0.429615 0.996824 -0.00334374 -0.0795705 1.03671 0 0 0 1
-0.0787797 0.0377939 -0.996175 -43.0637 0.00997449 0.999261 0.0371221 0.473244 0.996842 -0.00701187 -0.0790984 0.880604 0 0 0 1
-0.0813575 0.0345679 -0.996085 -43.8861 0.0110506 0.999368 0.0337792 0.506922 0.996624 -0.0082591 -0.0816881 0.839166 0 0 0 1
-0.083013 0.0380105 -0.995823 -44.7534 0.0146149 0.999211 0.0369215 0.530755 0.996441 -0.0114889 -0.083503 0.746553 0 0 0 1
-0.0830106 0.0433606 -0.995605 -45.6684 0.0067178 0.999055 0.0429507 0.5922 0.996526 -0.00312292 -0.0832234 0.662688 0 0 0 1
-0.0837184 0.0487733 -0.995295 -46.6302 0.012251 0.998776 0.0479134 0.605472 0.996414 -0.00818209 -0.0842135 0.631072 0 0 0 1
-0.0881595 0.0455509 -0.995064 -47.5387 0.00436093 0.998962 0.045343 0.684937 0.996097 -0.000341986 -0.0882666 0.578911 0 0 0 1
-0.0900059 0.0418978 -0.99506 -48.3165 0.00242754 0.999121 0.0418493 0.700469 0.995938 0.00135113 -0.0900285 0.511917 0 0 0 1
-0.0937395 0.0381903 -0.994864 -49.1923 0.00372818 0.99927 0.0380082 0.738639 0.99559 -0.000146165 -0.0938135 0.46325 0 0 0 1
-0.0975537 0.0375008 -0.994523 -49.9962 0.00322837 0.999297 0.0373641 0.764612 0.995225 0.000434317 -0.0976061 0.396629 0 0 0 1
-0.0976701 0.0362097 -0.99456 -50.784 -0.0046056 0.999311 0.036835 0.807934 0.995208 0.00817822 -0.097436 0.293925 0 0 0 1
-0.0989356 0.0382454 -0.994359 -51.5726 -0.00412073 0.999237 0.038843 0.813438 0.995085 0.00794045 -0.0987025 0.201971 0 0 0 1
-0.0994199 0.0329152 -0.994501 -52.4617 -0.00892651 0.999383 0.0339692 0.879376 0.995006 0.0122546 -0.0990648 0.0714783 0 0 0 1
-0.100912 0.0323532 -0.994369 -53.1878 -0.0123412 0.999354 0.0337678 0.89174 0.994819 0.0156793 -0.100448 0.0183375 0 0 0 1
-0.102134 0.0346547 -0.994167 -53.9278 -0.0122134 0.999274 0.0360875 0.874898 0.994696 0.0158279 -0.101637 -0.0103272 0 0 0 1
-0.103041 0.0388971 -0.993916 -54.6702 -0.000870034 0.999231 0.0391953 0.89542 0.994677 0.00490345 -0.102928 -0.0711694 0 0 0 1
-0.103284 0.0429099 -0.993726 -55.3807 -0.00089403 0.999065 0.0432333 0.898731 0.994651 0.00535374 -0.103149 -0.134948 0 0 0 1
-0.106961 0.0477872 -0.993114 -56.1169 0.00215853 0.998853 0.0478308 0.890767 0.994261 0.00297236 -0.106941 -0.210699 0 0 0 1
-0.10817 0.0472781 -0.993008 -56.8809 -0.000818838 0.998864 0.0476461 0.908375 0.994132 0.00596699 -0.108008 -0.295482 0 0 0 1
-0.112254 0.0477104 -0.992533 -57.5826 -0.000997849 0.998841 0.0481264 0.879753 0.993679 0.0063928 -0.112077 -0.305052 0 0 0 1
-0.112119 0.0439656 -0.992722 -58.3331 -0.00260176 0.999004 0.0445377 0.904171 0.993691 0.00757636 -0.111893 -0.408541 0 0 0 1
-0.111091 0.0404536 -0.992987 -59.2746 0.000944322 0.999175 0.0406 0.940683 0.99381 0.00357258 -0.111037 -0.607853 0 0 0 1
-0.11056 0.038076 -0.99314 -60.0614 0.00138351 0.999271 0.038157 0.963848 0.993868 0.00284462 -0.110532 -0.703918 0 0 0 1
-0.107778 0.0376167 -0.993463 -60.775 -0.00628703 0.999238 0.0385175 0.956803 0.994155 0.0103973 -0.107459 -0.8098 0 0 0 1
-0.102985 0.036878 -0.993999 -61.5514 -0.00571706 0.999274 0.0376661 1.00229 0.994667 0.00956178 -0.102699 -0.93145 0 0 0 1
-0.0975975 0.0380225 -0.994499 -62.0805 -0.00061498 0.999267 0.0382651 0.995783 0.995226 0.00434618 -0.0975026 -0.944509 0 0 0 1
-0.0884688 0.0397642 -0.995285 -62.7231 -0.00204723 0.999193 0.0401023 0.993067 0.996077 0.00558537 -0.088316 -1.03521 0 0 0 1
-0.0809195 0.0389761 -0.995958 -63.2097 -0.00884866 0.999168 0.0398206 0.989549 0.996681 0.0120352 -0.0805073 -0.98409 0 0 0 1
-0.0670863 0.0383369 -0.99701 -63.8423 -0.0187422 0.999037 0.039676 0.999372 0.997571 0.0213479 -0.0663032 -1.05953 0 0 0 1
-0.0513195 0.0422212 -0.997789 -64.4498 -0.0257445 0.998718 0.0435846 0.97247 0.99835 0.0279243 -0.0501667 -1.12325 0 0 0 1
-0.0338649 0.0452338 -0.998402 -65.1035 -0.0261035 0.998594 0.0461279 0.942823 0.999085 0.027624 -0.0326365 -1.11909 0 0 0 1
-0.0113864 0.0457599 -0.998888 -65.772 -0.0355432 0.998303 0.0461382 0.942505 0.999303 0.036029 -0.00974063 -1.14152 0 0 0 1
0.0158022 0.0438991 -0.998911 -66.279 -0.0341033 0.998478 0.0433406 0.991539 0.999293 0.0333813 0.0172753 -1.14173 0 0 0 1
0.0436554 0.0437009 -0.99809 -66.7867 -0.0345629 0.998511 0.0422075 1.00638 0.998449 0.0326543 0.0451009 -1.05711 0 0 0 1
0.0843498 0.0435712 -0.995483 -67.2684 -0.034584 0.99857 0.0407759 1.01959 0.995836 0.0309884 0.085736 -1.12546 0 0 0 1
0.119898 0.0453326 -0.991751 -67.7107 -0.0321387 0.998611 0.0417607 0.993202 0.992266 0.0268665 0.121188 -0.995374 0 0 0 1
0.162058 0.0451262 -0.985749 -68.1709 -0.0319691 0.99867 0.0404619 1.00013 0.986263 0.0249563 0.163285 -0.896612 0 0 0 1
0.211698 0.046849 -0.976212 -68.5627 -0.0323661 0.998639 0.0409065 0.984255 0.976799 0.0229363 0.212927 -0.900681 0 0 0 1
0.259234 0.0456068 -0.964737 -68.9562 -0.035447 0.998661 0.0376855 1.0724 0.965164 0.0244276 0.260504 -0.734965 0 0 0 1
0.306749 0.0387443 -0.951002 -69.3929 -0.0338566 0.998983 0.0297786 1.15461 0.951188 0.0230632 0.307748 -0.510574 0 0 0 1
0.348411 0.0344325 -0.936709 -69.8524 -0.0279583 0.999262 0.0263327 1.1321 0.936925 0.0170142 0.349117 -0.087501 0 0 0 1
0.40143 0.0369254 -0.915145 -70.2906 -0.00818254 0.999292 0.0367314 0.987322 0.915853 -0.00725687 0.401448 0.155641 0 0 0 1
0.454327 0.0328767 -0.890228 -70.6171 -0.0233913 0.999414 0.0249713 1.11009 0.890528 0.00947843 0.45483 0.328064 0 0 0 1
0.503424 0.0295786 -0.863533 -70.9184 -0.021694 0.999532 0.0215898 1.15687 0.863767 0.00786464 0.50383 0.5443 0 0 0 1
0.548235 0.0272766 -0.83588 -71.1193 -0.012397 0.999623 0.024489 1.10754 0.836233 -0.00306332 0.548366 0.73189 0 0 0 1
0.590493 0.0228812 -0.806718 -71.3938 -0.00113066 0.99962 0.0275249 1.06206 0.807042 -0.0153411 0.590295 1.05679 0 0 0 1
0.632553 0.0137794 -0.774394 -71.6585 0.00406703 0.999769 0.0211117 1.07218 0.774506 -0.0165038 0.632351 1.33905 0 0 0 1
0.674141 0.00574597 -0.738581 -71.9199 0.00344836 0.999934 0.0109267 1.09378 0.738595 -0.00991304 0.674077 1.61108 0 0 0 1
0.712529 -0.000530128 -0.701642 -72.1792 0.0029946 0.999993 0.00228552 1.05918 0.701636 -0.00372964 0.712526 1.97039 0 0 0 1
0.751809 0.00487672 -0.659362 -72.3445 -0.0114236 0.999919 -0.00562974 1.01036 0.659281 0.0117648 0.751804 2.34375 0 0 0 1
0.789376 0.00555141 -0.613885 -72.5919 -0.013511 0.999874 -0.00833141 0.980981 0.613761 0.0148708 0.789352 2.73802 0 0 0 1
0.824869 0.000650607 -0.565324 -72.8906 -0.00899563 0.999888 -0.0119749 1.01017 0.565253 0.0149631 0.824782 3.16234 0 0 0 1
0.856413 0.00245925 -0.516286 -73.1342 -0.0115622 0.999829 -0.0144167 0.993087 0.516162 0.018316 0.856295 3.6047 0 0 0 1
0.881943 0.0132619 -0.471169 -73.3316 -0.0185664 0.999806 -0.00661166 0.827786 0.47099 0.014579 0.882018 4.1471 0 0 0 1
0.903223 0.0180002 -0.428793 -73.4315 -0.0237169 0.999687 -0.00799236 0.827276 0.428515 0.0173885 0.903367 4.60373 0 0 0 1
0.920794 0.0191503 -0.389578 -73.6844 -0.0264208 0.999562 -0.0133125 0.885422 0.389153 0.0225511 0.920897 5.2762 0 0 0 1
0.935376 0.0315469 -0.352246 -73.9559 -0.038062 0.999208 -0.0115838 0.860967 0.351602 0.0242424 0.935836 5.89791 0 0 0 1
0.944999 0.0141825 -0.326766 -73.9297 -0.0186689 0.99977 -0.0105972 0.935002 0.326541 0.0161147 0.945046 6.2681 0 0 0 1
0.952485 -0.000881836 -0.304585 -74.3888 -0.00260894 0.999936 -0.0110536 1.0045 0.304575 0.011323 0.952421 7.28399 0 0 0 1
0.959258 0.0165777 -0.282044 -74.4514 -0.0191424 0.999797 -0.00634008 0.871241 0.281882 0.0114808 0.959381 7.66889 0 0 0 1
0.962982 -0.00461702 -0.269525 -74.4178 0.00195085 0.999946 -0.0101591 1.0149 0.269558 0.00925725 0.96294 8.20343 0 0 0 1
0.967975 -0.00086628 -0.251045 -74.7169 -0.00154279 0.999955 -0.00939918 1.01316 0.251042 0.00948548 0.96793 8.8955 0 0 0 1
0.971202 0.00057079 -0.238255 -74.8522 -0.00256228 0.999964 -0.00804901 1.01018 0.238242 0.00842769 0.971169 9.53411 0 0 0 1
0.97374 0.00975207 -0.227453 -74.9034 -0.011405 0.999917 -0.00595392 0.936992 0.227377 0.00839168 0.973771 10.1312 0 0 0 1
0.976442 -0.00391293 -0.215744 -74.8792 0.00232287 0.999968 -0.00762315 0.98167 0.215767 0.00694242 0.97642 10.6246 0 0 0 1
0.977505 -0.0263833 -0.209255 -74.8537 0.026324 0.999649 -0.00306932 1.00925 0.209262 -0.00250814 0.977856 11.3282 0 0 0 1
0.980907 -0.00984846 -0.19423 -74.9775 0.00990369 0.999951 -0.000686683 0.924134 0.194227 -0.00125002 0.980956 11.9125 0 0 0 1
0.983019 -0.0108551 -0.183185 -75.0477 0.0104913 0.999941 -0.00295484 0.903324 0.183206 0.000982807 0.983074 12.5868 0 0 0 1
0.985214 -0.00808945 -0.171135 -75.2688 0.00644565 0.999928 -0.0101587 0.920847 0.171205 0.00890545 0.985195 13.5056 0 0 0 1
0.986238 -0.0176015 -0.164394 -75.2972 0.015284 0.999765 -0.0153516 0.920998 0.164626 0.0126277 0.986275 14.1327 0 0 0 1
0.987479 -0.0149305 -0.157045 -75.4309 0.012367 0.999774 -0.0172877 0.942147 0.157268 0.0151291 0.98744 14.9946 0 0 0 1
0.988577 -0.0114904 -0.150278 -75.506 0.0103454 0.999911 -0.00839903 0.871063 0.150361 0.0067484 0.988608 15.5688 0 0 0 1
0.988987 -0.0120656 -0.147509 -75.6493 0.0118338 0.999927 -0.00244879 0.952121 0.147528 0.000676226 0.989058 16.5712 0 0 0 1
0.989596 -0.0103916 -0.143498 -75.7851 0.0106199 0.999943 0.000825034 0.93399 0.143481 -0.00234038 0.98965 17.4106 0 0 0 1
0.989093 -0.0266503 -0.144864 -75.6117 0.026782 0.999641 -0.0010414 0.939488 0.14484 -0.00284971 0.989451 17.8335 0 0 0 1
0.989218 -0.0277706 -0.143796 -75.6054 0.0278492 0.999611 -0.00146655 0.934161 0.14378 -0.00255385 0.989606 18.4035 0 0 0 1
0.989667 -0.0294437 -0.140329 -75.7175 0.0298495 0.999554 0.000787142 0.932926 0.140243 -0.00496775 0.990105 19.234 0 0 0 1
0.990468 -0.0243303 -0.135574 -75.8745 0.0249276 0.999686 0.00270965 0.892194 0.135466 -0.00606337 0.990763 20.0475 0 0 0 1
0.9909 -0.0248568 -0.132288 -75.9883 0.0256289 0.999663 0.00413611 0.8882 0.13214 -0.00748886 0.991203 20.8271 0 0 0 1
0.991403 -0.0246142 -0.128511 -76.1341 0.0248251 0.999692 3.94141e-05 0.88468 0.128471 -0.00322938 0.991708 21.5919 0 0 0 1
0.991131 -0.0292505 -0.129626 -76.1611 0.0289209 0.999572 -0.00442427 0.834708 0.1297 0.00063612 0.991553 22.223 0 0 0 1
0.991506 -0.0299156 -0.126574 -76.2866 0.0286624 0.999521 -0.0117105 0.811573 0.126864 0.00798308 0.991888 22.996 0 0 0 1
0.991599 -0.0277519 -0.126339 -76.3924 0.0260236 0.999544 -0.0153103 0.788646 0.126707 0.0118938 0.991869 23.7261 0 0 0 1
0.99216 -0.0236511 -0.122715 -76.4803 0.0220666 0.999655 -0.0142548 0.765833 0.12301 0.0114351 0.99234 24.385 0 0 0 1
0.992716 -0.0162873 -0.119371 -76.6124 0.0151283 0.999829 -0.0106091 0.765017 0.119524 0.00872592 0.992793 25.1223 0 0 0 1
0.993037 -0.00935981 -0.117432 -76.6826 0.00881619 0.999948 -0.00514776 0.755832 0.117475 0.00407661 0.993068 25.803 0 0 0 1
0.993349 -0.012604 -0.114448 -76.8037 0.0122915 0.999919 -0.00343582 0.727265 0.114482 0.00200624 0.993423 26.5341 0 0 0 1
0.993519 -0.0100096 -0.113226 -76.8096 0.00937856 0.999937 -0.00610443 0.764877 0.11328 0.00500297 0.993551 27.4188 0 0 0 1
0.993651 -0.0177687 -0.111094 -76.8997 0.0171942 0.999833 -0.00612749 0.712131 0.111185 0.00417842 0.993791 28.209 0 0 0 1
0.993404 -0.0255104 -0.111796 -76.9489 0.02508 0.999672 -0.00525492 0.647522 0.111893 0.00241643 0.993717 29.0062 0 0 0 1
0.993309 -0.0252242 -0.112701 -76.9413 0.0248032 0.999679 -0.00513637 0.579625 0.112794 0.00230666 0.993616 29.5314 0 0 0 1
0.993667 -0.0195293 -0.110658 -77.0576 0.0191666 0.999807 -0.00434068 0.523151 0.110722 0.00219225 0.993849 30.3376 0 0 0 1
0.994265 -0.00373527 -0.106881 -77.139 0.00281419 0.999958 -0.00876733 0.503891 0.106909 0.00841626 0.994233 31.0693 0 0 0 1
0.994889 0.0132 -0.100107 -77.4176 -0.0143991 0.999833 -0.0112654 0.477277 0.0999414 0.0126492 0.994913 32.0623 0 0 0 1
0.994438 0.0175164 -0.103853 -77.452 -0.0186567 0.999776 -0.0100185 0.436107 0.103655 0.0119004 0.994542 32.7802 0 0 0 1
0.994592 0.0031999 -0.103813 -77.5526 -0.00413531 0.999953 -0.00879661 0.452829 0.10378 0.00917834 0.994558 33.5486 0 0 0 1
0.994212 0.00667798 -0.107228 -77.6216 -0.00756495 0.99994 -0.00786723 0.393533 0.107169 0.00863287 0.994203 34.2564 0 0 0 1
0.993453 0.00861081 -0.113916 -77.5579 -0.00963466 0.999918 -0.00844022 0.445803 0.113834 0.00948251 0.993455 34.8571 0 0 0 1
0.99328 0.0141105 -0.114874 -77.7524 -0.0157133 0.999791 -0.0130589 0.40345 0.114665 0.0147762 0.993294 35.8117 0 0 0 1
0.992343 -0.0109142 -0.123027 -77.6696 0.00897891 0.999827 -0.0162745 0.445243 0.123183 0.0150452 0.99227 36.4566 0 0 0 1
0.992232 -0.0126243 -0.123759 -77.8274 0.0103849 0.999771 -0.018723 0.454101 0.123967 0.0172923 0.992136 37.3297 0 0 0 1
0.991488 0.00201139 -0.130182 -78.0078 -0.00270148 0.999983 -0.00512464 0.186611 0.130169 0.0054327 0.991477 38.3919 0 0 0 1
0.991326 0.0108222 -0.130982 -78.1782 -0.0115403 0.999922 -0.00472471 0.108714 0.130921 0.0061953 0.991373 39.3313 0 0 0 1
0.991 0.0166997 -0.13282 -78.3072 -0.0174154 0.999839 -0.00422809 0.0314106 0.132728 0.00650314 0.991131 40.3135 0 0 0 1
0.990872 0.0162016 -0.133832 -78.4017 -0.0164114 0.999865 -0.000464443 0.0224152 0.133806 0.00265657 0.991004 41.1224 0 0 0 1
0.990752 0.0178065 -0.134513 -78.5148 -0.0175146 0.999841 0.00335369 0.0164295 0.134551 -0.000966738 0.990906 41.9491 0 0 0 1
0.990871 0.0171073 -0.133727 -78.6177 -0.0166235 0.999851 0.0047337 0.0217965 0.133788 -0.00246747 0.991007 42.7815 0 0 0 1
0.991042 0.0251927 -0.131156 -78.7929 -0.0247789 0.999681 0.00478703 -0.0190843 0.131235 -0.00149425 0.99135 43.6863 0 0 0 1
0.991398 0.0341816 -0.126341 -78.9284 -0.0338868 0.999416 0.0044819 -0.0929735 0.12642 -0.000162056 0.991977 44.3751 0 0 0 1
0.991739 0.0345202 -0.123536 -79.0861 -0.0342804 0.999404 0.00406708 -0.204032 0.123603 0.000201383 0.992332 45.1972 0 0 0 1
0.992209 0.0200767 -0.12296 -79.302 -0.0202928 0.999794 -0.000505405 -0.0910197 0.122925 0.00299668 0.992411 46.2453 0 0 0 1
0.992066 0.031128 -0.121802 -79.4037 -0.0310783 0.999514 0.00230874 -0.2086 0.121815 0.00149498 0.992552 47.1558 0 0 0 1
0.992393 0.02602 -0.120328 -79.5092 -0.0257422 0.999661 0.00386268 -0.190124 0.120388 -0.000735786 0.992727 47.9638 0 0 0 1
0.992766 -0.00647098 -0.119893 -79.4241 0.00791934 0.999901 0.0116079 -0.200542 0.119806 -0.0124734 0.992719 48.3405 0 0 0 1
0.992786 -0.00817803 -0.119624 -79.5068 0.00978894 0.999869 0.0128849 -0.23883 0.119503 -0.013963 0.992736 49.1882 0 0 0 1
0.993456 -0.016375 -0.113036 -79.9809 0.0169938 0.999845 0.00451294 -0.111893 0.112945 -0.00640432 0.993581 50.573 0 0 0 1
0.993935 -0.00949053 -0.109556 -80.1895 0.00960743 0.999954 0.000539184 -0.176527 0.109546 -0.00158846 0.99398 51.5118 0 0 0 1
0.993838 -0.00238118 -0.110817 -80.4041 0.000586322 0.999868 -0.0162265 -0.0784859 0.110841 0.0160615 0.993708 52.6751 0 0 0 1
0.994889 0.0235045 -0.0982007 -80.6803 -0.0256026 0.999469 -0.0201595 -0.250326 0.0976747 0.0225706 0.994962 53.4476 0 0 0 1
0.994909 0.028074 -0.0967881 -80.8019 -0.0302354 0.999323 -0.0209371 -0.306915 0.0961348 0.023757 0.995085 54.3915 0 0 0 1
0.994943 0.0252524 -0.0972174 -80.857 -0.0267792 0.999537 -0.0144322 -0.347752 0.0968079 0.0169627 0.995159 55.2234 0 0 0 1
0.995779 0.0247985 -0.0883651 -81.1985 -0.0258224 0.999612 -0.0104625 -0.29518 0.0880713 0.0127001 0.996033 56.2688 0 0 0 1
0.996538 0.0243067 -0.0795078 -81.5307 -0.0249004 0.999669 -0.0064842 -0.238573 0.0793238 0.00844153 0.996813 57.3171 0 0 0 1
0.995643 0.0140607 -0.0921809 -81.5859 -0.0153084 0.9998 -0.0128423 -0.167809 0.0919819 0.0141975 0.995659 58.4354 0 0 0 1
0.9953 0.0141554 -0.0957957 -81.4587 -0.0155595 0.999782 -0.0139262 -0.174852 0.0955777 0.0153513 0.995304 58.9543 0 0 0 1
0.994987 0.0156663 -0.0987687 -81.4182 -0.0172098 0.999742 -0.014795 -0.238966 0.0985115 0.0164206 0.995 59.5862 0 0 0 1
0.995342 0.0169434 -0.0949106 -81.5612 -0.018654 0.999679 -0.0171653 -0.270387 0.0945893 0.0188558 0.995338 60.3634 0 0 0 1
0.994988 0.0209527 -0.0977741 -81.6462 -0.0231216 0.99951 -0.0211031 -0.30532 0.097284 0.023258 0.994985 61.1645 0 0 0 1
0.994545 0.0203371 -0.102302 -81.7368 -0.0229748 0.999432 -0.0246719 -0.314798 0.101742 0.0268877 0.994447 62.0074 0 0 0 1
0.994071 0.0188457 -0.107089 -81.7381 -0.0219934 0.999358 -0.0282884 -0.348579 0.106487 0.0304759 0.993847 62.5956 0 0 0 1
0.993744 0.0229755 -0.109292 -81.8906 -0.0262342 0.99925 -0.028473 -0.36106 0.108556 0.031162 0.993602 63.4815 0 0 0 1
0.993075 0.0146122 -0.11657 -81.8929 -0.0179584 0.999455 -0.0277069 -0.372218 0.116101 0.0296084 0.992796 64.1838 0 0 0 1
0.992136 0.00293469 -0.125132 -81.953 -0.00603971 0.999683 -0.0244419 -0.289669 0.12502 0.0250054 0.991839 65.4276 0 0 0 1
0.9916 0.000860523 -0.129338 -82.0551 -0.00314202 0.999843 -0.0174367 -0.339573 0.129303 0.0176967 0.991447 66.2275 0 0 0 1
0.99086 -0.00400032 -0.134833 -82.1889 0.00260704 0.999941 -0.0105084 -0.491469 0.134867 0.0100608 0.990813 67.001 0 0 0 1
0.990416 0.00621503 -0.137979 -82.3362 -0.00846353 0.999841 -0.0157152 -0.425921 0.137859 0.0167324 0.99031 67.8067 0 0 0 1
0.989018 0.00974803 -0.147474 -82.2512 -0.0116425 0.99986 -0.0119882 -0.476549 0.147337 0.0135736 0.988993 68.4569 0 0 0 1
0.987665 0.00786464 -0.156381 -82.318 -0.0104426 0.999823 -0.0156702 -0.442577 0.15623 0.0171099 0.987572 69.1867 0 0 0 1
0.986357 0.0112504 -0.164237 -82.4045 -0.0141615 0.999763 -0.0165646 -0.462069 0.164012 0.0186645 0.986282 69.9331 0 0 0 1
0.985485 0.0147488 -0.169118 -82.5413 -0.0186924 0.999589 -0.0217502 -0.45647 0.168728 0.0245957 0.985356 70.5974 0 0 0 1
0.983954 0.0124099 -0.177991 -82.659 -0.0177864 0.999431 -0.0286425 -0.423232 0.177535 0.0313487 0.983615 71.398 0 0 0 1
0.982159 -0.000183993 -0.188055 -82.7151 -0.0054506 0.999552 -0.029445 -0.364525 0.187976 0.0299447 0.981717 72.1477 0 0 0 1
0.981268 0.0142576 -0.192121 -82.9419 -0.0194943 0.999487 -0.0253946 -0.466819 0.19166 0.0286642 0.981043 72.9828 0 0 0 1
0.97994 0.0176712 -0.198508 -83.0948 -0.0228535 0.999454 -0.0238457 -0.45884 0.197978 0.027904 0.979809 73.8387 0 0 0 1
0.978166 0.0190764 -0.206946 -83.2126 -0.0239952 0.999485 -0.0212842 -0.514648 0.206434 0.0257852 0.978121 74.5499 0 0 0 1
0.977352 0.0160345 -0.211013 -83.427 -0.0221973 0.999392 -0.0268694 -0.532421 0.210454 0.0309448 0.977114 75.3359 0 0 0 1
0.976268 0.00615904 -0.216479 -83.6091 -0.0137083 0.999348 -0.0333886 -0.536928 0.216132 0.0355638 0.975716 76.0566 0 0 0 1
0.975631 0.00220906 -0.219408 -83.8138 -0.0121594 0.998957 -0.044011 -0.509404 0.219082 0.0456064 0.97464 76.7506 0 0 0 1
0.972924 0.00375645 -0.231096 -83.9885 -0.0131506 0.999148 -0.0391236 -0.563445 0.230752 0.0411033 0.972144 77.4832 0 0 0 1
0.969969 -0.00050249 -0.243228 -84.1474 -0.00780141 0.999419 -0.033176 -0.617086 0.243103 0.0340772 0.969402 78.1743 0 0 0 1
0.969049 0.00310744 -0.246849 -84.6516 -0.00951274 0.999648 -0.0247599 -0.704978 0.246686 0.0263418 0.968738 78.9453 0 0 0 1
0.965165 -0.0170997 -0.261084 -84.8551 0.0121511 0.999715 -0.0205569 -0.700471 0.261361 0.0166683 0.965097 79.7044 0 0 0 1
0.96172 -0.0206888 -0.273251 -84.9841 0.0146479 0.999602 -0.0241291 -0.718828 0.273642 0.0192029 0.96164 80.3192 0 0 0 1
0.959168 -0.0213591 -0.28203 -85.2644 0.0121808 0.999339 -0.034257 -0.69076 0.282575 0.0294229 0.958794 80.9015 0 0 0 1
0.956183 -0.0279574 -0.291432 -85.623 0.0164716 0.998991 -0.0417911 -0.672006 0.292306 0.0351596 0.955678 81.7272 0 0 0 1
0.952082 -0.0274897 -0.304604 -85.8707 0.0171307 0.999182 -0.0366293 -0.741027 0.305361 0.029656 0.951775 82.4734 0 0 0 1
0.94493 -0.0582542 -0.322045 -85.8781 0.0473629 0.998013 -0.0415589 -0.471802 0.323826 0.0240173 0.945812 83.0604 0 0 0 1
0.942115 -0.0552176 -0.330711 -86.2401 0.0461512 0.998314 -0.0352115 -0.567327 0.332098 0.0179105 0.943075 83.7928 0 0 0 1
0.936806 -0.0665314 -0.343466 -86.6385 0.056727 0.997646 -0.0385267 -0.567511 0.34522 0.0166082 0.938375 84.6336 0 0 0 1
0.931681 -0.053027 -0.359385 -86.6725 0.0386103 0.99814 -0.0471802 -0.65935 0.361219 0.0300809 0.931996 85.2046 0 0 0 1
0.924204 -0.0462536 -0.379088 -86.6066 0.0277534 0.998148 -0.0541249 -0.764883 0.38089 0.0395015 0.923776 85.7821 0 0 0 1
0.919939 -0.0465814 -0.389285 -86.7936 0.0256017 0.997935 -0.0589112 -0.865569 0.391225 0.0442284 0.919232 86.4335 0 0 0 1
0.916861 -0.0477969 -0.396334 -87.1112 0.0253671 0.997776 -0.0616461 -0.902396 0.398399 0.0464671 0.916034 87.117 0 0 0 1
0.910681 -0.0508427 -0.40997 -87.2235 0.0271767 0.997621 -0.063352 -0.888004 0.412216 0.0465518 0.909896 87.7188 0 0 0 1
0.906583 -0.0483221 -0.419251 -87.5004 0.024726 0.997798 -0.0615373 -0.970558 0.421302 0.0454223 0.905782 88.4094 0 0 0 1
0.900674 -0.0433804 -0.432324 -87.7217 0.0222757 0.998305 -0.0537644 -1.06596 0.433924 0.0387939 0.900114 89.1058 0 0 0 1
0.898904 -0.0402012 -0.436298 -88.14 0.0227129 0.998718 -0.0452283 -1.12369 0.437557 0.0307463 0.898665 89.7981 0 0 0 1
0.895603 -0.0338195 -0.443567 -88.4899 0.0185148 0.999076 -0.038791 -1.15839 0.444469 0.0265288 0.895401 90.4868 0 0 0 1
0.892493 -0.0280341 -0.45019 -88.8286 0.0100201 0.999053 -0.0423481 -1.19952 0.45095 0.0332845 0.891928 91.1613 0 0 0 1
0.890991 -0.0122499 -0.453856 -89.2774 -0.0090728 0.998956 -0.0447738 -1.31511 0.453931 0.0440108 0.889949 91.9146 0 0 0 1
0.894072 -0.013169 -0.447731 -90.0017 -0.0121128 0.998491 -0.0535564 -1.37758 0.44776 0.0533065 0.892563 92.6918 0 0 0 1
0.892242 0.00812542 -0.451484 -90.3326 -0.0362628 0.997898 -0.0537048 -1.46507 0.450098 0.0642898 0.890662 93.3524 0 0 0 1
0.889749 0.0152117 -0.456197 -90.6551 -0.0416169 0.997985 -0.0478905 -1.52943 0.454549 0.061596 0.888589 94.0077 0 0 0 1
0.886858 0.0149704 -0.461799 -91.0264 -0.0400918 0.998199 -0.0446348 -1.5482 0.460299 0.0580991 0.885861 94.707 0 0 0 1
0.884897 0.0238133 -0.465177 -91.404 -0.0522332 0.997466 -0.0483 -1.66277 0.462848 0.0670382 0.883899 95.3497 0 0 0 1
0.878911 0.0323183 -0.47589 -91.7014 -0.0699548 0.995648 -0.0615822 -1.72991 0.471828 0.087416 0.877346 96.0534 0 0 0 1
0.874326 0.0141814 -0.485133 -91.9748 -0.0550096 0.996027 -0.0700246 -1.6851 0.482212 0.0879113 0.871632 96.7359 0 0 0 1
0.871823 0.0280819 -0.489015 -92.4019 -0.0618187 0.99668 -0.0529765 -1.9815 0.485904 0.0764164 0.870665 97.4031 0 0 0 1
0.868998 0.0312617 -0.493827 -92.7642 -0.0642727 0.996679 -0.0500075 -2.0132 0.490623 0.0751961 0.868121 98.0675 0 0 0 1
0.863872 0.0314103 -0.502731 -93.1417 -0.0608246 0.997256 -0.0422105 -2.08909 0.500026 0.0670429 0.863411 98.7896 0 0 0 1
0.861 0.0252494 -0.507979 -93.4498 -0.0559002 0.997414 -0.045171 -2.08567 0.505524 0.0672884 0.860184 99.4188 0 0 0 1
0.855713 0.024802 -0.516855 -93.7719 -0.0547821 0.997579 -0.0428279 -2.16269 0.514542 0.0649628 0.855001 100.091 0 0 0 1
0.853841 0.0214951 -0.52009 -94.2107 -0.0470955 0.998239 -0.0360607 -2.29472 0.518399 0.055284 0.85335 100.76 0 0 0 1
0.851976 0.0208122 -0.523168 -94.6324 -0.0451051 0.998412 -0.0337354 -2.35752 0.521635 0.0523392 0.851562 101.366 0 0 0 1
0.850757 0.0266727 -0.524883 -95.0765 -0.0521637 0.998065 -0.0338315 -2.39021 0.522965 0.0561622 0.850502 101.946 0 0 0 1
0.847949 0.0261932 -0.52943 -95.4718 -0.0525509 0.998012 -0.0347909 -2.41125 0.527466 0.0573229 0.84764 102.574 0 0 0 1
0.845798 0.0279532 -0.532771 -95.8638 -0.0566847 0.997682 -0.0376435 -2.49255 0.530484 0.0620388 0.845422 103.154 0 0 0 1
0.843325 0.0240263 -0.536866 -96.3023 -0.0564153 0.997438 -0.0439805 -2.48397 0.534434 0.0673773 0.84252 103.828 0 0 0 1
0.839838 0.0146375 -0.54264 -96.7165 -0.0476116 0.99777 -0.0467736 -2.47881 0.540745 0.0651182 0.838662 104.491 0 0 0 1
0.837641 0.0159767 -0.545988 -97.1115 -0.0476833 0.997895 -0.0439542 -2.5061 0.544136 0.0628524 0.836639 105.098 0 0 0 1
0.836433 0.0314376 -0.547167 -97.5411 -0.0579232 0.997833 -0.0312143 -2.64498 0.545 0.0578023 0.836441 105.692 0 0 0 1
0.835052 0.033668 -0.54914 -97.9572 -0.0557877 0.998163 -0.0236359 -2.63696 0.547335 0.0503724 0.835396 106.297 0 0 0 1
0.834374 0.0351607 -0.550076 -98.3895 -0.0544987 0.998336 -0.0188521 -2.64395 0.548498 0.0457081 0.834902 106.905 0 0 0 1
0.832912 0.0302574 -0.552578 -98.7694 -0.0496201 0.998566 -0.0201151 -2.63879 0.551177 0.0441731 0.833218 107.468 0 0 0 1
0.83152 0.0288945 -0.554743 -99.1318 -0.0487989 0.998585 -0.0211335 -2.70792 0.553347 0.0446437 0.831753 107.954 0 0 0 1
0.825442 0.0369651 -0.563275 -99.3199 -0.0550688 0.998367 -0.0151815 -2.92332 0.561794 0.0435504 0.82613 108.51 0 0 0 1
0.8224 0.0364925 -0.567738 -99.6664 -0.0590169 0.998029 -0.021339 -2.82953 0.56584 0.0510553 0.822933 109.121 0 0 0 1
0.82213 0.0354784 -0.568193 -100.058 -0.0576877 0.998111 -0.0211468 -2.85709 0.566369 0.0501631 0.822624 109.634 0 0 0 1
0.824599 0.037777 -0.564455 -100.474 -0.0599299 0.997987 -0.0207583 -2.86709 0.562535 0.050945 0.825203 109.987 0 0 0 1
0.823174 0.0396776 -0.566401 -100.856 -0.0608298 0.997977 -0.0184961 -2.91223 0.564521 0.0496796 0.823922 110.517 0 0 0 1
0.819913 0.0376006 -0.571252 -101.162 -0.0590528 0.998073 -0.0190634 -2.90857 0.569434 0.0493643 0.820553 111.058 0 0 0 1
0.814644 0.037333 -0.578759 -101.359 -0.05899 0.998084 -0.0186508 -2.93857 0.576954 0.0493348 0.815285 111.59 0 0 0 1
0.809227 0.0365366 -0.586359 -101.573 -0.0641718 0.99759 -0.0264019 -2.83355 0.583981 0.0589928 0.809621 112.158 0 0 0 1
0.804823 0.0349984 -0.592482 -101.783 -0.067733 0.997154 -0.0331052 -2.79105 0.589637 0.0667744 0.804903 112.594 0 0 0 1
0.794357 0.0348291 -0.606451 -101.833 -0.0671149 0.997275 -0.0306357 -2.93192 0.603732 0.0650377 0.79453 113.086 0 0 0 1
0.789766 0.0315262 -0.612597 -102.035 -0.0653839 0.997315 -0.0329685 -2.93391 0.609913 0.0660915 0.789707 113.452 0 0 0 1
0.785205 0.0262348 -0.61868 -102.268 -0.0639952 0.99719 -0.0389349 -2.86729 0.61592 0.0701644 0.784678 113.819 0 0 0 1
0.778181 0.0320234 -0.627224 -102.515 -0.0663762 0.997299 -0.0314335 -2.99078 0.624523 0.0660937 0.778205 114.255 0 0 0 1
0.769578 0.0351468 -0.637585 -102.668 -0.069138 0.9972 -0.0284804 -3.02705 0.634799 0.0659992 0.769854 114.603 0 0 0 1
0.763585 0.0390159 -0.644527 -102.946 -0.0714191 0.997152 -0.0242501 -3.04074 0.641745 0.0645486 0.764197 114.963 0 0 0 1
0.760815 0.0441597 -0.647464 -103.266 -0.0725137 0.997219 -0.0171942 -3.04679 0.644905 0.0600316 0.761902 115.258 0 0 0 1
0.754652 0.0470057 -0.65444 -103.461 -0.0725968 0.997288 -0.0120822 -3.06306 0.652097 0.056628 0.756018 115.473 0 0 0 1
0.738152 0.0375628 -0.673588 -103.41 -0.0627868 0.99794 -0.0131546 -3.0139 0.671706 0.0520025 0.73899 115.806 0 0 0 1
0.734976 0.0436043 -0.676689 -103.648 -0.0688362 0.997573 -0.0104841 -3.01091 0.67459 0.0542863 0.736194 115.865 0 0 0 1
0.726537 0.0457734 -0.685601 -103.908 -0.0686779 0.99762 -0.00617367 -3.05411 0.683686 0.051571 0.727952 116.097 0 0 0 1
0.714207 0.0398333 -0.6988 -104.099 -0.0637929 0.997929 -0.00831509 -3.01494 0.697022 0.0505172 0.715268 116.298 0 0 0 1
0.701074 0.0503733 -0.711307 -104.286 -0.0666631 0.997763 0.00495553 -3.21915 0.709966 0.0439437 0.702864 116.397 0 0 0 1
0.684171 0.0497799 -0.727621 -104.433 -0.0706675 0.997498 0.0017958 -3.19686 0.72589 0.0501905 0.685978 116.536 0 0 0 1
0.66713 0.0424638 -0.74373 -104.646 -0.0695179 0.997566 -0.00540121 -3.15463 0.741691 0.0553059 0.668458 116.705 0 0 0 1
0.651936 0.0270318 -0.757792 -104.873 -0.0713214 0.99712 -0.0257895 -2.93042 0.754912 0.0708598 0.651986 116.874 0 0 0 1
0.647498 0.0278045 -0.76156 -105.193 -0.0760767 0.9967 -0.0282929 -2.92847 0.75826 0.0762565 0.647477 116.783 0 0 0 1
0.628007 0.0322331 -0.77754 -105.359 -0.085143 0.99599 -0.0274797 -2.95557 0.773536 0.0834595 0.628233 116.94 0 0 0 1
0.606339 0.0380006 -0.794298 -105.502 -0.0911332 0.995597 -0.0219368 -3.00632 0.789967 0.0856881 0.607133 117.081 0 0 0 1
0.588216 0.0329919 -0.808031 -105.721 -0.0942452 0.995156 -0.0279747 -2.86483 0.803194 0.0926082 0.588476 117.194 0 0 0 1
0.564915 0.0408477 -0.824137 -105.851 -0.0950546 0.995346 -0.0158228 -2.95527 0.819656 0.0872766 0.566169 117.281 0 0 0 1
0.534473 0.0375361 -0.844352 -105.956 -0.0939491 0.995461 -0.0152157 -2.91991 0.839948 0.0874585 0.535573 117.443 0 0 0 1
0.512288 0.0473014 -0.85751 -106.223 -0.100376 0.994937 -0.00508416 -2.95704 0.852928 0.0886783 0.514442 117.515 0 0 0 1
0.482945 0.034278 -0.874979 -106.412 -0.106584 0.994105 -0.0198841 -2.6782 0.86914 0.102862 0.483752 117.667 0 0 0 1
0.450719 0.0472964 -0.891412 -106.555 -0.110388 0.993884 -0.00308131 -2.81075 0.885814 0.0997896 0.453184 117.777 0 0 0 1
0.426188 0.0647051 -0.902318 -106.764 -0.108985 0.993846 0.0197922 -3.03457 0.898046 0.0899039 0.430617 117.741 0 0 0 1
0.391083 0.0694072 -0.917735 -106.923 -0.111736 0.993357 0.0275116 -3.0565 0.913548 0.0917843 0.39624 117.879 0 0 0 1
0.365499 0.073572 -0.9279 -107.159 -0.117121 0.992584 0.032567 -3.064 0.923414 0.0967729 0.371405 117.86 0 0 0 1
0.333341 0.0748021 -0.939834 -107.372 -0.115788 0.992549 0.0379299 -3.08364 0.935669 0.0961783 0.339519 117.914 0 0 0 1
0.306412 0.0680768 -0.949461 -107.712 -0.133646 0.990636 0.0278986 -2.98303 0.94247 0.118343 0.312641 117.902 0 0 0 1
0.27822 0.0702188 -0.957947 -107.758 -0.129802 0.990924 0.0349374 -3.04325 0.951707 0.114623 0.284809 117.811 0 0 0 1
0.229368 0.0591235 -0.971542 -108.159 -0.128958 0.9912 0.0298744 -2.93001 0.964759 0.118436 0.234974 117.968 0 0 0 1
