0.999941 -0.0106633 -0.00190711 -0.0174779 0.0106645 0.999943 0.000627451 -0.0543537 0.00190031 -0.000647753 0.999998 0.638283
0.999908 -0.0121158 -0.00605027 -0.0285825 0.012131 0.999923 0.00249323 -0.10113 0.0060196 -0.00256639 0.999979 1.2175
0.999884 -0.0144938 -0.00462047 -0.148533 0.0145153 0.999884 0.00466054 -0.155981 0.00455238 -0.00472706 0.999978 1.81137
0.99984 -0.015931 -0.00817094 -0.193916 0.015973 0.999859 0.00510566 -0.179628 0.00808845 -0.00523536 0.999954 2.53818
0.999569 -0.0124743 -0.0265745 0.0304197 0.0125841 0.999913 0.00396679 -0.170469 0.0265227 -0.0042995 0.999639 3.46194
0.99944 -0.00546722 -0.0330181 0.0611831 0.00557902 0.999979 0.0032946 -0.259095 0.0329994 -0.00347696 0.999449 4.2185
0.999341 -0.00305309 -0.0361742 -0.00888923 0.00327063 0.999977 0.00595623 -0.31747 0.0361551 -0.00607061 0.999328 5.09487
0.999169 -0.00230478 -0.0407017 -0.0536192 0.00264888 0.999961 0.00840233 -0.342533 0.0406808 -0.00850316 0.999136 5.91173
0.99913 -0.00173415 -0.0416723 -0.130134 0.00227105 0.999915 0.0128401 -0.369589 0.0416465 -0.0129236 0.999049 6.53351
0.999076 0.00028761 -0.0429823 -0.17096 0.000683575 0.999745 0.0225786 -0.519057 0.0429778 -0.0225871 0.998821 7.21979
0.9989 -0.00618818 -0.0464792 -0.196862 0.00737383 0.999651 0.0253812 -0.53069 0.0463059 -0.025696 0.998597 8.02003
0.998976 -0.00599059 -0.0448556 -0.28851 0.00718133 0.999625 0.0264323 -0.524232 0.0446804 -0.0267273 0.998644 8.78536
0.998933 -0.0108641 -0.0448815 -0.397698 0.0120584 0.999578 0.0264264 -0.502908 0.0445755 -0.0269394 0.998643 9.55587
0.998675 -0.00633546 -0.0510646 -0.337915 0.00795968 0.999467 0.0316667 -0.601691 0.0508368 -0.0320312 0.998193 10.3534
0.998502 -0.00904163 -0.0539567 -0.426103 0.0106689 0.999495 0.0299482 -0.535104 0.0536587 -0.030479 0.998094 11.342
0.998387 -0.0134025 -0.0551726 -0.488983 0.0149484 0.999504 0.0277023 -0.487078 0.054774 -0.0284823 0.998092 12.2183
0.998362 -0.01098 -0.0561529 -0.549398 0.0123458 0.999635 0.0240337 -0.436014 0.0558685 -0.0246875 0.998133 13.0661
0.998197 0.00561017 -0.0597652 -0.486709 -0.00428524 0.999743 0.022274 -0.516842 0.0598748 -0.0219778 0.997964 13.7946
0.998272 0.0132803 -0.0572402 -0.708541 -0.0119279 0.999643 0.023904 -0.528634 0.0575372 -0.02318 0.998074 14.8744
0.998445 0.0078776 -0.0551923 -0.974134 -0.00672576 0.999756 0.0210243 -0.408566 0.0553445 -0.0206204 0.998254 16.0144
0.998228 0.00942719 -0.058754 -0.997788 -0.00834483 0.999791 0.0186401 -0.291883 0.0589175 -0.0181168 0.998098 16.9757
0.997622 0.00938751 -0.0682875 -0.461421 -0.00795805 0.999744 0.0211749 -0.405771 0.0684688 -0.0205811 0.997441 17.2027
0.997692 0.00943563 -0.0672464 -0.639775 -0.00823943 0.999803 0.0180435 -0.325589 0.0674034 -0.0174478 0.997573 18.2571
0.997678 -0.00692095 -0.0677546 -0.725388 0.00819552 0.999794 0.0185518 -0.249684 0.0676123 -0.019064 0.99753 19.2216
0.9974 -0.00781668 -0.07164 -0.5934 0.00937458 0.999726 0.0214358 -0.288828 0.0714528 -0.0220517 0.9972 19.8925
0.997336 -0.00993971 -0.0722696 -0.712726 0.0115951 0.999679 0.0225229 -0.141994 0.0720225 -0.0233008 0.997131 20.9993
0.997599 -0.00220673 -0.0692178 -0.844775 0.00407477 0.999631 0.0268583 -0.2022 0.069133 -0.0270758 0.99724 21.9241
0.997688 0.00116435 -0.0679465 -0.849065 0.000995263 0.999496 0.0317415 -0.292806 0.0679492 -0.0317357 0.997184 22.7102
0.997782 0.0137696 -0.0651321 -0.893709 -0.0118204 0.999473 0.0302193 -0.317439 0.0655139 -0.0293824 0.997419 23.5563
0.997862 0.00696409 -0.0649891 -0.948474 -0.00514788 0.999593 0.028072 -0.249216 0.0651581 -0.0276774 0.997491 24.5532
0.998196 -0.000934962 -0.060033 -1.27419 0.0023519 0.99972 0.0235364 -0.145767 0.0599942 -0.0236351 0.997919 25.6991
0.998022 -0.0140726 -0.0612747 -1.23006 0.0153498 0.999674 0.0204238 -0.0435331 0.0609673 -0.0213239 0.997912 26.5663
0.99795 -0.018792 -0.0611754 -1.21639 0.0202996 0.999503 0.0241166 -0.110508 0.0606918 -0.025309 0.997836 27.438
0.998078 -0.0192107 -0.0589123 -1.38729 0.0210161 0.999323 0.030182 -0.131569 0.0582927 -0.0313622 0.997807 28.4752
0.997834 -0.036601 -0.054659 -1.69042 0.0385606 0.998635 0.0352377 -0.0543099 0.0532947 -0.0372691 0.997883 29.5136
0.997949 -0.0274588 -0.0578264 -1.52058 0.0298338 0.998729 0.0406162 -0.383759 0.0566377 -0.0422581 0.9975 30.3145
0.997727 -0.0298795 -0.0604031 -1.54336 0.0323829 0.998638 0.0408999 -0.462306 0.0590987 -0.0427629 0.997336 31.256
0.997636 -0.0324814 -0.0605639 -1.66044 0.0346161 0.998804 0.034538 -0.275748 0.0593697 -0.0365529 0.997567 32.0953
0.996929 -0.0271614 -0.0734526 -1.38742 0.0291586 0.99923 0.0262563 -0.0366719 0.0726828 -0.0283174 0.996953 33.0999
0.997076 -0.0274743 -0.0713132 -1.50799 0.0295143 0.99918 0.0277112 -0.010648 0.0704934 -0.0297349 0.997069 33.9591
0.997265 -0.0156419 -0.0722292 -1.54951 0.0177915 0.999415 0.0292142 -0.0347502 0.0717299 -0.0304194 0.99696 34.9356
0.997017 -0.010057 -0.0765292 -1.47338 0.0131638 0.999105 0.0402004 -0.331821 0.0760564 -0.0410879 0.996257 35.7228
0.997229 -0.0193169 -0.0718473 -1.72933 0.0219381 0.999116 0.0358738 -0.0648232 0.0710908 -0.0373506 0.99677 36.6896
0.997251 -0.0146561 -0.0726281 -1.66929 0.0173804 0.999163 0.0370207 0.00249022 0.0720248 -0.0381812 0.996672 37.457
0.997451 0.000968562 -0.0713478 -1.84195 0.001124 0.999571 0.029283 0.14554 0.0713455 -0.0292886 0.997022 38.5091
0.997102 0.000644682 -0.0760763 -1.71106 0.00161575 0.999559 0.0296474 0.152913 0.0760618 -0.0296844 0.996661 39.5302
0.997255 0.00252608 -0.0740054 -1.84507 -0.000538835 0.999639 0.0268604 0.189091 0.0740466 -0.0267468 0.996896 40.2572
0.99749 0.00721869 -0.0704332 -2.21212 -0.00554789 0.999699 0.0238885 0.243235 0.0705844 -0.0234378 0.99723 41.7203
0.997688 0.0117674 -0.0669375 -2.64222 -0.0102944 0.999698 0.0223071 0.272816 0.0671798 -0.0215664 0.997508 43.2573
0.997682 0.000540317 -0.0680514 -2.87934 0.000945793 0.999762 0.0218039 0.392732 0.068047 -0.0218177 0.997444 44.4419
0.997872 -0.00222343 -0.0651655 -3.12283 0.00380201 0.999702 0.0241101 0.433466 0.0650925 -0.0243066 0.997583 45.5353
0.997824 -0.000633698 -0.0659343 -3.18945 0.00194196 0.999802 0.0197797 0.460295 0.0659088 -0.0198647 0.997628 46.4969
0.9972 -0.0269156 -0.0697745 -3.13723 0.0279867 0.999504 0.01442 0.633828 0.0693518 -0.0163324 0.997459 47.3853
0.996745 -0.0402801 -0.06983 -3.30851 0.0411181 0.999098 0.0106043 0.84325 0.0693398 -0.013441 0.997503 48.4373
0.996461 -0.0438835 -0.0716952 -3.18814 0.0448629 0.99892 0.012107 0.926507 0.0710865 -0.0152806 0.997353 49.164
0.995898 -0.0472595 -0.0771554 -3.13013 0.048257 0.998773 0.0111142 1.00638 0.0765355 -0.0147919 0.996957 50.1256
0.995622 -0.0469035 -0.0808479 -2.98581 0.0481201 0.998755 0.013165 0.952116 0.0801297 -0.0169978 0.99664 50.8631
0.995484 -0.0493326 -0.0811011 -3.05462 0.0504159 0.998664 0.0113632 0.974088 0.0804322 -0.0154006 0.996641 51.7961
0.995047 -0.0576974 -0.0809447 -3.21181 0.0586914 0.998227 0.00995319 1.00883 0.0802268 -0.0146547 0.996669 52.9057
0.994546 -0.059203 -0.0858723 -3.12751 0.0604019 0.998109 0.0114295 0.993448 0.0850332 -0.016554 0.996241 53.6652
0.994099 -0.060491 -0.0900408 -3.14634 0.0621801 0.997936 0.0160709 0.970317 0.0888828 -0.0215748 0.995808 54.5908
0.993971 -0.0577811 -0.0931852 -3.19577 0.0598281 0.998022 0.019322 0.980395 0.0918844 -0.0247806 0.995461 55.5124
0.995144 -0.0379134 -0.0908372 -3.3193 0.039582 0.999078 0.0166376 0.918669 0.0901226 -0.0201523 0.995727 56.4024
0.995414 -0.0301487 -0.0907872 -3.39126 0.0315592 0.999402 0.0141407 0.847929 0.0903066 -0.0169411 0.99577 57.2438
0.995298 -0.0304274 -0.0919586 -3.46482 0.0310104 0.999507 0.00491755 0.871327 0.0917636 -0.0077461 0.995751 58.1384
0.995278 -0.0230652 -0.0942902 -3.52866 0.0230343 0.999734 -0.00141653 0.866893 0.0942978 -0.000762066 0.995544 59.076
0.995127 -0.0157301 -0.0973433 -3.56822 0.015833 0.999875 0.000284184 0.816772 0.0973266 -0.00182403 0.995251 60.0397
0.995184 -0.0113759 -0.0973648 -3.66091 0.011738 0.999926 0.00314701 0.789197 0.0973218 -0.00427473 0.995244 60.7747
0.995385 -0.00831018 -0.0955976 -3.87206 0.00893403 0.999941 0.00609964 0.715578 0.0955414 -0.00692556 0.995401 61.6346
0.995206 -0.0117942 -0.0970915 -3.98563 0.0124315 0.999905 0.00596226 0.751853 0.097012 -0.00714067 0.995258 62.5898
0.994916 -0.00744917 -0.100433 -4.05335 0.00774599 0.999967 0.00256578 0.860412 0.10041 -0.00333068 0.994941 63.6146
0.994702 -0.00573802 -0.102637 -4.12901 0.00581932 0.999983 0.000492615 0.936374 0.102632 -0.00108728 0.994719 64.4046
0.994701 -0.00524942 -0.102676 -4.25505 0.00509185 0.999985 -0.00179665 1.00405 0.102684 0.00126431 0.994713 65.2522
0.994376 -0.00411739 -0.105825 -4.27759 0.0039242 0.99999 -0.00203378 1.07261 0.105833 0.00160706 0.994383 65.8441
0.994275 -0.00240181 -0.106822 -4.34263 0.00231233 0.999997 -0.000961511 1.12143 0.106824 0.000708999 0.994278 66.5808
0.99453 -0.000660381 -0.104449 -4.5637 0.00073855 0.999999 0.000709711 1.17439 0.104448 -0.00078297 0.99453 67.3949
0.99443 0.00425568 -0.105314 -4.65817 -0.00325713 0.999948 0.00965181 0.944354 0.10535 -0.00925502 0.994392 68.1044
0.994353 0.00631264 -0.105935 -4.77785 -0.00530835 0.999938 0.00975954 0.826027 0.10599 -0.00914209 0.994325 68.8998
0.994326 0.00304307 -0.106331 -4.83518 -0.00287315 0.999994 0.00175116 0.905787 0.106335 -0.00143572 0.994329 69.5088
0.994477 0.00892907 -0.104573 -4.99663 -0.00922105 0.999955 -0.00230905 0.77308 0.104547 0.00326057 0.994515 70.2023
0.994616 0.00204921 -0.10361 -5.21531 -0.00230417 0.999995 -0.00234116 0.791443 0.103604 0.00256729 0.994615 71.1004
0.994166 0.00776167 -0.107578 -5.18952 -0.00744096 0.999967 0.00338224 0.751482 0.107601 -0.00256203 0.994191 71.7903
0.994091 0.00871672 -0.108195 -5.26894 -0.00801388 0.999944 0.0069292 0.692093 0.10825 -0.00602119 0.994106 72.4422
0.994166 -0.00278156 -0.107829 -5.35339 0.00291734 0.999995 0.00110144 0.706132 0.107826 -0.00140959 0.994169 72.9182
0.99377 -0.0042767 -0.111371 -5.27997 0.00307542 0.999935 -0.0109558 0.866595 0.111411 0.010545 0.993718 73.5999
0.993837 -0.00619817 -0.110677 -5.33945 0.00456601 0.999877 -0.0149944 0.846516 0.110756 0.0143967 0.993743 74.1459
0.993697 -0.00143451 -0.112088 -5.27182 -0.000490171 0.999853 -0.0171418 0.869168 0.112096 0.0170887 0.99355 74.7571
0.99408 0.00394202 -0.108576 -5.35508 -0.00614519 0.999782 -0.0199644 0.952201 0.108474 0.0205134 0.993888 75.3267
0.994602 -0.00123979 -0.103754 -5.41134 -0.00055411 0.999851 -0.0172593 0.905011 0.10376 0.0172236 0.994453 75.8021
0.996155 -0.00589913 -0.0874149 -5.65279 0.00592983 0.999982 9.1554e-05 0.663027 0.0874128 -0.000609557 0.996172 76.2473
0.997013 -0.0104735 -0.0765221 -5.77042 0.0107424 0.999937 0.00310225 0.670157 0.0764849 -0.00391501 0.997063 76.8376
0.997772 -0.000842055 -0.0667147 -5.7918 0.000754203 0.999999 -0.00134201 0.684312 0.0667158 0.00128871 0.997771 77.3674
0.998471 0.00368872 -0.0551563 -5.73296 -0.00375415 0.999992 -0.0010827 0.678609 0.0551519 0.00128811 0.998477 77.8769
0.999299 0.00875256 -0.0364057 -5.75425 -0.0088197 0.99996 -0.00168418 0.70548 0.0363895 0.00200409 0.999336 78.4158
0.999883 0.00489017 -0.014505 -5.75678 -0.00486426 0.999987 0.00182136 0.643323 0.0145137 -0.00175059 0.999893 78.8337
0.999942 0.000710343 0.0107487 -5.67919 -0.000730676 0.999998 0.00188787 0.667767 -0.0107474 -0.00189561 0.99994 79.2909
0.999224 -0.00449815 0.0391219 -5.61251 0.00436838 0.999985 0.00340192 0.672929 -0.0391366 -0.00322838 0.999229 79.7486
0.997654 0.00111657 0.0684527 -5.48868 -0.00162573 0.999971 0.00738276 0.669224 -0.0684425 -0.00747672 0.997627 80.1849
0.994641 -0.00824988 0.103055 -5.31635 0.00658086 0.999842 0.0165249 0.531272 -0.103175 -0.0157582 0.994538 80.6687
0.989305 -0.00979829 0.14553 -5.24548 0.00719087 0.999804 0.018432 0.507072 -0.145682 -0.0171884 0.989182 81.1207
0.981123 -0.0184251 0.192504 -5.16411 0.0145241 0.99966 0.0216561 0.447889 -0.192838 -0.0184514 0.981057 81.5083
0.97016 -0.0117663 0.24218 -5.05664 0.00758016 0.999805 0.0182098 0.493788 -0.242347 -0.0158307 0.97006 81.817
0.955089 -0.00749768 0.296225 -4.84731 0.00322125 0.999883 0.0149219 0.504654 -0.296302 -0.0132975 0.955002 82.2268
0.934525 -0.000797112 0.355897 -4.79695 -0.00235767 0.999962 0.00843047 0.590241 -0.35589 -0.00871757 0.934487 82.4084
0.910702 0.00241331 0.413058 -4.57 -0.00525699 0.99997 0.00574815 0.619126 -0.413031 -0.00740629 0.910687 82.771
0.880952 0.00414954 0.473187 -4.35433 -0.0064512 0.999974 0.00324134 0.619208 -0.473162 -0.00590809 0.880956 83.1625
0.841821 0.0169677 0.539489 -4.17742 -0.00863305 0.999801 -0.0179741 0.822635 -0.539687 0.0104735 0.841801 83.5514
0.803753 0.0215551 0.594572 -3.9037 -0.00574668 0.999578 -0.0284694 0.893191 -0.594935 0.0194656 0.803538 83.8336
0.763296 0.0204961 0.645724 -3.58026 -0.00438932 0.999638 -0.0265412 0.856181 -0.646034 0.0174245 0.763109 84.1541
0.715871 0.02132 0.697907 -3.35278 -0.0160762 0.999772 -0.0140516 0.726723 -0.698048 -0.00116058 0.71605 84.3915
0.670924 0.0202226 0.74125 -3.02124 -0.0124752 0.999794 -0.0159845 0.739844 -0.741421 0.0014771 0.671038 84.6004
0.623123 0.018675 0.781901 -2.70196 -0.00628093 0.999802 -0.0188739 0.744443 -0.782099 0.0068497 0.623117 84.7883
0.576658 0.0163902 0.816821 -2.34809 -0.00165295 0.99982 -0.0188953 0.7166 -0.816984 0.00954596 0.576581 84.9549
0.529828 0.0103163 0.848042 -1.97581 -0.0030015 0.999943 -0.0102889 0.648483 -0.8481 0.00290594 0.529828 85.1175
0.481472 0.0122288 0.876376 -1.63004 -0.00963533 0.999916 -0.00865907 0.615965 -0.876408 -0.00427507 0.48155 85.2618
0.433608 0.0132759 0.901004 -1.29174 -0.0249894 0.999684 -0.00270376 0.453349 -0.900755 -0.0213432 0.433803 85.4113
0.391332 0.0101934 0.920193 -0.921124 -0.0100588 0.999926 -0.0067989 0.471832 -0.920194 -0.00659542 0.391406 85.4991
0.35146 0.00321483 0.936197 -0.550807 -0.0014434 0.999995 -0.00289203 0.451898 -0.936202 -0.000334873 0.351463 85.5849
0.315478 0.000537433 0.948933 -0.199505 -0.000310939 1 -0.000462981 0.440665 -0.948933 -0.000149 0.315478 85.6598
0.281294 0.00445749 0.959611 0.107686 -0.00486934 0.999983 -0.00321765 0.439507 -0.959609 -0.00376757 0.281311 85.7626
0.251591 0.0102951 0.967779 0.677269 -0.00257818 0.999947 -0.00996701 0.471518 -0.96783 1.25064e-05 0.251605 85.845
0.223453 0.015932 0.974585 0.84662 -0.0214167 0.999705 -0.0114322 0.460984 -0.974479 -0.0183179 0.223728 85.8201
0.204492 0.0167758 0.978724 1.03685 0.00417646 0.999829 -0.0180101 0.47409 -0.978859 0.00777054 0.204387 85.7241
0.179474 0.0203323 0.983553 1.65463 0.0132179 0.999646 -0.0230769 0.551164 -0.983674 0.0171422 0.179142 85.9159
0.159004 0.0269113 0.986911 1.92965 0.0172984 0.999399 -0.0300388 0.541334 -0.987126 0.0218483 0.158443 85.9249
0.14084 0.0306981 0.989556 2.00597 -0.00621121 0.999527 -0.0301234 0.431736 -0.990013 -0.00190377 0.140964 85.713
0.126623 0.031104 0.991463 2.27431 -0.00465682 0.999516 -0.0307619 0.422191 -0.99194 -0.00072191 0.126706 85.5908
0.113396 0.0231746 0.99328 2.0857 -0.00353355 0.999731 -0.0229218 0.329125 -0.993544 -0.000910568 0.113448 85.5203
0.0977151 0.0231428 0.994945 2.81224 0.00147281 0.999725 -0.0233986 0.506852 -0.995213 0.00375177 0.0976542 85.643
0.0874477 0.0194729 0.995979 3.14787 -0.00294457 0.99981 -0.0192892 0.386804 -0.996165 -0.00124594 0.0874884 85.3646
0.0779698 0.0193722 0.996767 3.22036 -0.00287773 0.999811 -0.0192063 0.378211 -0.996952 -0.00137092 0.0780108 85.1902
0.0670269 0.0182225 0.997585 3.71412 -0.00577242 0.999824 -0.0178755 0.246007 -0.997734 -0.00456034 0.0671203 85.216
0.0599611 0.0191282 0.998017 3.91846 -0.0123118 0.999754 -0.0184218 0.288526 -0.998125 -0.0111828 0.0601818 85.1353
0.0549387 0.0191794 0.998306 4.52676 -0.00848005 0.999788 -0.0187412 0.259967 -0.998454 -0.00743606 0.0550897 85.1424
0.0545192 0.0238288 0.998228 4.56382 0.000450181 0.999715 -0.0238889 0.501142 -0.998513 0.00175179 0.054493 84.9112
0.0441522 0.0329368 0.998482 5.80542 0.0193778 0.99924 -0.0338187 0.905616 -0.998837 0.0208415 0.0434804 85.4152
0.0444162 0.0324026 0.998487 6.19523 0.0183533 0.999279 -0.0332447 0.860138 -0.998845 0.0198021 0.0437895 85.1852
0.0416583 0.0322535 0.998611 7.05505 0.0228561 0.999186 -0.0332256 0.832601 -0.99887 0.0242085 0.0408872 85.2661
0.0347574 0.0354012 0.998769 8.01985 0.0379059 0.998607 -0.0367145 0.97743 -0.998677 0.0391353 0.033367 85.6326
0.050179 0.0378627 0.998022 7.17055 0.0403032 0.99839 -0.039903 1.38891 -0.997927 0.0422258 0.0485722 84.7056
0.0475461 0.0436685 0.997914 7.9205 0.0533633 0.997506 -0.0461932 1.66049 -0.997443 0.0554483 0.0450973 84.9254
0.0474238 0.0409605 0.998035 8.56554 0.0491064 0.997855 -0.0432865 1.52797 -0.997667 0.0510627 0.0453107 84.959
0.0548377 0.0448789 0.997486 9.00291 0.0630344 0.996841 -0.0483153 1.7719 -0.996504 0.0655255 0.0518355 84.8254
0.0601061 0.0408983 0.997354 9.61768 0.0589701 0.99727 -0.0444488 1.63233 -0.996449 0.0614857 0.0575302 84.7722
0.0657412 0.0436048 0.996883 10.4112 0.0758698 0.995934 -0.0485666 1.78735 -0.994948 0.0788262 0.0621657 84.8434
0.0725158 0.0437776 0.996406 11.4086 0.0999212 0.993691 -0.0509303 1.94469 -0.992349 0.103255 0.067684 85.0447
0.065623 0.0461833 0.996775 12.4857 0.118574 0.99149 -0.0537448 2.05762 -0.990774 0.121718 0.0595884 85.6
0.0700389 0.0297543 0.9971 12.7887 0.0689537 0.99702 -0.0345954 1.35521 -0.995158 0.0711767 0.0677785 85.3474
0.0737791 0.0342171 0.996687 13.7499 0.0902981 0.995077 -0.040846 1.56329 -0.993178 0.0930126 0.0703261 85.5896
0.0784963 0.037864 0.996195 14.5357 0.0976305 0.994183 -0.0454805 1.65581 -0.992122 0.100829 0.074343 85.677
0.07648 0.0373019 0.996373 15.3037 0.0663072 0.996898 -0.0424112 1.28405 -0.994864 0.0693103 0.0737693 85.7825
0.072016 0.0449057 0.996392 16.0355 0.0385285 0.998115 -0.0477681 1.11309 -0.996659 0.0418296 0.0701501 85.8859
0.0749825 0.0507739 0.995891 16.8371 0.0477015 0.997377 -0.0544411 1.17174 -0.996043 0.0515876 0.0723638 85.9032
0.0739534 0.0555977 0.995711 17.5505 0.0534338 0.99679 -0.0596265 1.30766 -0.995829 0.0576142 0.0707452 85.9583
0.0773575 0.0568665 0.99538 18.3134 0.0607081 0.996251 -0.0616342 1.41269 -0.995153 0.0651955 0.0736152 85.9869
0.0775804 0.0508049 0.995691 19.1264 0.0446088 0.997524 -0.0543742 1.14197 -0.995988 0.0486349 0.0751219 85.9859
0.08724 0.0470689 0.995075 19.8397 0.0265574 0.998418 -0.0495554 0.981195 -0.995833 0.0307498 0.085852 85.7745
0.0914757 0.043547 0.994855 20.5933 0.0208899 0.99874 -0.0456378 0.847888 -0.995588 0.0249571 0.0904507 85.7665
0.0910537 0.0409333 0.995004 21.1615 0.018302 0.998917 -0.0427691 0.676919 -0.995678 0.0221049 0.090206 85.8082
0.0882384 0.039832 0.995303 21.8299 0.0154265 0.999026 -0.0413487 0.590377 -0.99598 0.0190026 0.0875379 85.9014
0.0872456 0.0385592 0.99544 22.4615 -0.00237869 0.999256 -0.0384985 0.473245 -0.996184 0.000990982 0.0872724 85.8352
0.0820861 0.0367775 0.995946 23.3044 -0.00438042 0.999323 -0.0365412 0.417042 -0.996616 -0.00136314 0.0821916 85.9485
0.0763065 0.0322963 0.996561 24.1081 -0.00831233 0.999461 -0.0317538 0.314352 -0.99705 -0.00586073 0.0765339 86.0157
0.0718035 0.0307786 0.996944 24.9404 -0.0084045 0.999507 -0.0302525 0.302959 -0.997383 -0.00620658 0.0720268 86.065
0.0633884 0.0304436 0.997524 25.7048 -0.0146663 0.999455 -0.0295706 0.256574 -0.997881 -0.0127555 0.0638003 86.1145
0.0581682 0.0331112 0.997758 26.7238 -0.0223532 0.999242 -0.0318573 0.23059 -0.998057 -0.02045 0.0588642 86.1759
0.044995 0.0321112 0.998471 27.7067 -0.0423828 0.998645 -0.0302069 0.103269 -0.998088 -0.0409589 0.046295 86.2526
0.0320004 0.0328804 0.998947 28.5555 -0.0377257 0.998786 -0.0316666 0.0895947 -0.998776 -0.0366726 0.033202 86.334
0.018066 0.0328356 0.999297 29.6441 -0.0270362 0.999111 -0.0323407 0.0967375 -0.999471 -0.026433 0.0189377 86.4717
0.00937876 0.0335754 0.999392 30.2978 -0.0148303 0.999331 -0.0334341 0.0612759 -0.999846 -0.0145077 0.00987041 86.4748
-0.00134838 0.0323349 0.999476 30.9489 -0.00423221 0.999468 -0.0323403 -0.0358324 -0.99999 -0.0042736 -0.00121082 86.4714
-0.0169705 0.0301876 0.9994 31.8146 -0.020073 0.999332 -0.0305264 -0.112009 -0.999654 -0.0205791 -0.0163532 86.5329
-0.0266212 0.0318262 0.999139 32.5476 -0.0161586 0.999349 -0.0322634 -0.138986 -0.999515 -0.0170035 -0.0260896 86.4885
-0.0332417 0.0338484 0.998874 32.9882 -0.00853979 0.99938 -0.0341497 -0.133939 -0.999411 -0.00966536 -0.032932 86.326
-0.0399987 0.0351862 0.99858 33.6792 -0.00540836 0.999358 -0.0354303 -0.185224 -0.999185 -0.00681785 -0.0397827 86.0821
-0.0505199 0.0395141 0.997941 34.4899 0.00309059 0.999218 -0.0394083 -0.14903 -0.998718 0.00109333 -0.0506026 86.0735
-0.0613428 0.0398381 0.997321 35.1621 0.00165931 0.999206 -0.0398114 -0.173092 -0.998115 -0.000787273 -0.0613602 86.0292
-0.0682754 0.0372877 0.996969 35.8673 0.00307995 0.999304 -0.0371641 -0.23432 -0.997662 0.000533223 -0.0683427 85.9549
-0.074655 0.0373007 0.996512 36.4664 0.00767796 0.999292 -0.0368295 -0.227888 -0.99718 0.00490166 -0.0748885 85.8555
-0.0674309 0.0396376 0.996936 36.975 0.0147991 0.99914 -0.0387242 -0.174026 -0.997614 0.0121425 -0.0679595 85.4906
-0.072497 0.0324377 0.996841 37.5091 0.00907094 0.999451 -0.0318629 -0.385647 -0.997327 0.00673232 -0.0727514 85.4578
-0.0765442 0.0307401 0.996592 38.1728 0.0109256 0.99949 -0.0299904 -0.428031 -0.997006 0.00859278 -0.0768411 85.4247
-0.0742803 0.0325341 0.996707 38.7131 0.0235198 0.999247 -0.0308642 -0.401754 -0.99696 0.0211497 -0.0749895 85.2763
-0.0702803 0.0335992 0.996961 39.2869 0.0358811 0.998871 -0.0311341 -0.406808 -0.996882 0.033584 -0.0714065 85.1242
-0.0688023 0.0321 0.997114 39.9451 0.0300655 0.999095 -0.0300892 -0.497253 -0.997177 0.0279085 -0.0697051 85.0288
-0.0684748 0.0367679 0.996975 40.6193 0.0310397 0.998915 -0.0347076 -0.459822 -0.99717 0.0285692 -0.0695418 85.0259
-0.0635781 0.0353888 0.997349 41.2281 0.0236308 0.999144 -0.0339461 -0.533972 -0.997697 0.0214099 -0.06436 84.9889
-0.0556433 0.0357277 0.997811 41.9141 0.0193331 0.999211 -0.0346997 -0.569201 -0.998264 0.01736 -0.0562901 84.9695
-0.0426726 0.0335048 0.998527 42.0106 0.0270641 0.99911 -0.0323678 -0.659033 -0.998722 0.025643 -0.0435414 84.9473
-0.0265194 0.0326933 0.999114 42.2357 0.0249815 0.999175 -0.0320322 -0.704591 -0.999336 0.0241099 -0.0273142 84.8742
-0.00556352 0.0369171 0.999303 42.6648 0.0293775 0.998893 -0.0367384 -0.689887 -0.999553 0.0291526 -0.00664189 84.8251
0.0175255 0.0408021 0.999014 43.3074 0.0158459 0.99903 -0.0410808 -0.699284 -0.999721 0.0165502 0.016862 84.8125
0.0444799 0.0440875 0.998037 43.7693 0.0157377 0.998871 -0.0448257 -0.731206 -0.998886 0.0177006 0.0437359 84.7884
0.0734901 0.0467114 0.996201 44.3645 0.0144726 0.998747 -0.0478985 -0.749423 -0.997191 0.0179377 0.072722 84.8416
0.109069 0.0448297 0.993023 44.7537 0.0103966 0.998876 -0.0462359 -0.793165 -0.99398 0.015367 0.108481 84.8505
0.148208 0.0446068 0.98795 45.3105 0.0136304 0.998795 -0.0471413 -0.783343 -0.988862 0.0204529 0.147421 84.8989
0.18275 0.0431281 0.982213 45.5112 0.00707631 0.998954 -0.0451797 -0.800843 -0.983134 0.015207 0.182254 85.1336
0.223704 0.0377011 0.973928 46.2494 0.00307442 0.999219 -0.0393863 -0.849736 -0.974652 0.0118051 0.223413 85.3733
0.27002 0.0350238 0.962218 46.7842 -0.00454458 0.999373 -0.0351009 -0.870488 -0.962844 0.00510507 0.27001 85.5592
0.327002 0.0380712 0.944256 47.3965 -0.0167326 0.999265 -0.0344945 -0.832828 -0.944875 -0.00452008 0.327399 85.6634
0.385379 0.0368812 0.922021 47.6069 -0.0228245 0.999276 -0.0304314 -0.851016 -0.922476 -0.009317 0.385942 85.7998
0.441975 0.0517406 0.895534 47.927 -0.0223954 0.99866 -0.046646 -0.692884 -0.896748 0.00056051 0.442541 86.0515
0.507881 0.0474842 0.860117 48.5794 -0.0134402 0.998795 -0.0472039 -0.803377 -0.861322 0.0124138 0.507908 86.2336
0.582243 0.0486066 0.81156 49.1317 -0.0124495 0.998627 -0.0508788 -0.833614 -0.812919 0.0195203 0.582049 86.3269
0.635068 0.0526754 0.770658 49.3143 -0.0187415 0.998429 -0.0527998 -0.863545 -0.772229 0.0190882 0.635058 86.6901
0.687065 0.0556241 0.724464 49.6335 -0.0269962 0.998331 -0.051049 -0.904621 -0.726094 0.0155162 0.68742 87.0368
0.737787 0.059932 0.672368 49.9354 -0.0332794 0.998069 -0.0524462 -0.910887 -0.674213 0.0163181 0.738357 87.3818
0.78248 0.0659766 0.619171 50.1503 -0.04134 0.997681 -0.0540657 -0.886023 -0.621302 0.0167088 0.783393 87.7184
0.824532 0.056462 0.562991 50.3825 -0.0386754 0.998306 -0.0434771 -0.92027 -0.564492 0.0140744 0.825319 88.0979
0.863118 0.024152 0.504425 50.6894 -0.0149552 0.99964 -0.0222732 -1.1208 -0.504781 0.0116806 0.863168 88.5995
0.894558 0.0276753 0.446094 50.912 -0.0214305 0.999589 -0.0190388 -1.01991 -0.446438 0.00747131 0.894783 89.1531
0.921293 0.0237601 0.388143 51.0948 -0.0210165 0.999715 -0.0113126 -0.993381 -0.388301 0.00226477 0.92153 89.4164
0.942631 0.0237153 0.332993 51.2428 -0.0240849 0.999705 -0.00301842 -1.01511 -0.332966 -0.00517484 0.942924 89.8641
0.958516 0.0349338 0.28289 51.4456 -0.0357473 0.999358 -0.00228733 -0.955547 -0.282788 -0.00792011 0.95915 90.5001
0.970258 0.0418152 0.238433 51.5853 -0.0430967 0.999071 0.000161512 -0.927816 -0.238205 -0.0104324 0.971159 90.7459
0.977833 0.0500392 0.20332 51.6169 -0.0512275 0.998687 0.000582983 -0.961544 -0.203023 -0.0109856 0.979112 91.1797
0.983928 0.0493126 0.171624 51.6442 -0.0501656 0.998741 0.000634418 -0.937789 -0.171377 -0.00923386 0.985162 91.6259
0.988756 0.0324297 0.145982 51.8019 -0.0330104 0.999454 0.00155639 -0.970447 -0.145852 -0.00635781 0.989286 92.1342
0.991214 0.023808 0.130109 51.8003 -0.0241804 0.999707 0.00128303 -0.933247 -0.130041 -0.00441785 0.991499 92.4908
0.992704 0.0285376 0.117151 51.8212 -0.0288695 0.999583 0.0011371 -0.952118 -0.117069 -0.00451089 0.993113 93.0428
0.99353 0.0343749 0.108247 51.8336 -0.0346625 0.999399 0.000775404 -0.940335 -0.108155 -0.00452249 0.994124 93.5691
0.992479 0.0609276 0.106178 51.8498 -0.0613011 0.998119 0.000254376 -1.0495 -0.105963 -0.00676132 0.994347 93.9723
0.992372 0.0685323 0.102473 51.9355 -0.0684767 0.997644 -0.00406489 -1.06246 -0.10251 -0.00298313 0.994727 94.354
0.993224 0.0541336 0.10284 51.9489 -0.0534138 0.998525 -0.00974249 -0.942538 -0.103216 0.00418339 0.99465 94.974
0.992368 0.05506 0.110337 51.8653 -0.053998 0.998462 -0.0125924 -1.02436 -0.11086 0.00653831 0.993815 95.7937
0.992291 0.0500417 0.113374 51.985 -0.0482737 0.998667 -0.0182884 -1.04739 -0.114138 0.0126745 0.993384 96.2165
0.991024 0.0608099 0.119054 52.0737 -0.0584627 0.998022 -0.0231128 -0.969069 -0.120224 0.0159451 0.992619 96.9045
0.989443 0.0787733 0.121641 52.151 -0.0768485 0.996833 -0.020442 -1.08944 -0.122866 0.0108783 0.992364 97.3342
0.98885 0.0796406 0.125829 52.3028 -0.078186 0.996803 -0.0164641 -1.12202 -0.126738 0.0064425 0.991915 98.0618
0.985735 0.101181 0.134493 52.2958 -0.10153 0.994823 -0.00428297 -1.35309 -0.13423 -0.0094331 0.990905 98.7244
0.985277 0.0990284 0.139365 52.3757 -0.100504 0.99493 0.0035699 -1.42238 -0.138305 -0.017524 0.990235 99.3759
0.985126 0.094856 0.143279 52.4785 -0.0967638 0.995287 0.00639052 -1.38947 -0.141998 -0.0201597 0.989662 99.9912
0.984633 0.0944598 0.146887 52.5764 -0.0965717 0.995299 0.00729728 -1.41171 -0.145507 -0.0213702 0.989126 100.625
0.98402 0.101239 0.146479 52.6973 -0.103278 0.994632 0.00636447 -1.46731 -0.145048 -0.0213908 0.989193 101.208
0.984501 0.0983843 0.145187 52.791 -0.099351 0.995052 -0.000594826 -1.47223 -0.144527 -0.0138389 0.989404 101.85
0.98601 0.0891656 0.140831 52.9622 -0.0891767 0.995996 -0.0062444 -1.48393 -0.140824 -0.0064018 0.990014 102.261
0.987333 0.0859426 0.133371 53.1276 -0.086044 0.996279 -0.00501426 -1.52712 -0.133305 -0.006525 0.991054 102.877
0.987158 0.0905929 0.131574 53.2386 -0.0911712 0.995834 -0.0016347 -1.51735 -0.131174 -0.0103821 0.991305 103.52
0.988528 0.0802629 0.12795 53.3643 -0.0815701 0.996655 0.00500116 -1.45408 -0.12712 -0.0153807 0.991768 104.181
0.988477 0.0844801 0.1256 53.4281 -0.0867503 0.996149 0.0127061 -1.46168 -0.124043 -0.0234555 0.992 104.854
0.988494 0.0822973 0.126916 53.3976 -0.0846985 0.996313 0.0136309 -1.53966 -0.125326 -0.0242236 0.99182 105.487
0.988218 0.0877886 0.12537 53.4482 -0.0897396 0.995915 0.00998957 -1.56328 -0.123981 -0.0211225 0.99206 106.129
0.989418 0.0826383 0.119263 53.5926 -0.0837664 0.996475 0.00446851 -1.54503 -0.118473 -0.0144115 0.992853 106.887
0.99003 0.0823002 0.114312 53.6976 -0.0831337 0.996535 0.00253556 -1.55077 -0.113708 -0.0120135 0.993442 107.631
0.990562 0.0742134 0.115234 53.7016 -0.0755304 0.997118 0.00709878 -1.59434 -0.114376 -0.0157355 0.993313 108.312
0.990888 0.0751542 0.111769 53.8069 -0.0767851 0.996994 0.0103533 -1.61896 -0.110655 -0.0188411 0.99368 109.099
0.991279 0.0729582 0.109741 53.8785 -0.0750709 0.997062 0.0152393 -1.66307 -0.108307 -0.0233448 0.993843 109.762
0.99195 0.073238 0.103302 54.1402 -0.0757603 0.996911 0.0207032 -1.75035 -0.101466 -0.0283628 0.994435 110.086
0.991855 0.0741335 0.10358 54.197 -0.0769156 0.996769 0.0231233 -1.70071 -0.101531 -0.0309018 0.994352 110.953
0.990904 0.0833859 0.105619 54.2745 -0.0865568 0.995913 0.0257951 -1.80334 -0.103036 -0.0347025 0.994072 111.555
0.990682 0.0867411 0.105 54.3945 -0.089677 0.995692 0.0235623 -1.77274 -0.102504 -0.0327588 0.994193 112.29
0.990383 0.0912819 0.103964 54.5235 -0.0937921 0.995401 0.0195077 -1.7431 -0.101705 -0.0290711 0.99439 113.049
0.988134 0.10938 0.107828 54.4823 -0.111913 0.99356 0.0177118 -1.72832 -0.105196 -0.0295691 0.994012 114.143
0.986618 0.119925 0.11047 54.5601 -0.122915 0.992202 0.020649 -1.7616 -0.107132 -0.0339511 0.993665 114.992
0.985938 0.123044 0.113078 54.6417 -0.126572 0.991654 0.0245377 -1.77817 -0.109115 -0.038505 0.993283 115.766
0.9861 0.120889 0.113988 54.7637 -0.124371 0.991947 0.0239271 -1.77408 -0.110178 -0.0377714 0.993194 116.58
0.986847 0.109597 0.118832 54.7937 -0.112201 0.993566 0.0154323 -1.62469 -0.116376 -0.0285624 0.992794 117.474
0.987848 0.0984372 0.120279 54.9094 -0.101104 0.994743 0.0162554 -1.60737 -0.118046 -0.0282184 0.992607 118.263
0.988373 0.0944337 0.119168 55.0782 -0.0970781 0.995139 0.016571 -1.64454 -0.117023 -0.0279469 0.992736 118.993
0.988437 0.094002 0.118976 55.2044 -0.0966583 0.995177 0.0167434 -1.64852 -0.116828 -0.0280498 0.992756 119.844
0.98788 0.100248 0.118508 55.3472 -0.10378 0.994311 0.023999 -1.7237 -0.115428 -0.0360069 0.992663 120.656
0.986707 0.109864 0.119749 55.4589 -0.114436 0.992916 0.0319806 -1.78793 -0.115387 -0.0452591 0.992289 121.401
0.986127 0.114061 0.120599 55.5552 -0.119702 0.99198 0.0405908 -1.82543 -0.115001 -0.0544635 0.991871 122.26
0.987123 0.106773 0.119113 55.6951 -0.112082 0.992942 0.0387844 -1.85616 -0.114131 -0.0516354 0.992123 123.15
0.987977 0.101125 0.116939 55.7862 -0.104729 0.994184 0.0250857 -1.84489 -0.113722 -0.037031 0.992822 123.932
0.988641 0.0975139 0.114364 55.9347 -0.0999621 0.994865 0.0158574 -1.82643 -0.112231 -0.0271094 0.993312 124.679
0.988432 0.0984927 0.115334 56.0153 -0.102103 0.994439 0.0258122 -1.80694 -0.11215 -0.0372895 0.992991 125.6
0.988906 0.0903679 0.117896 56.0169 -0.0962337 0.994339 0.045037 -1.76146 -0.113158 -0.0558829 0.992004 126.547
0.988545 0.0912762 0.120201 56.0235 -0.0990529 0.993248 0.060385 -1.70376 -0.113878 -0.0715995 0.990911 127.463
0.987719 0.0991385 0.120758 56.0848 -0.106321 0.992834 0.05455 -1.66927 -0.114485 -0.0667192 0.991182 128.265
0.988821 0.093082 0.116487 56.1741 -0.0979131 0.994527 0.0364495 -1.51735 -0.112457 -0.0474476 0.992523 128.995
0.988 0.0948305 0.121912 56.1334 -0.0990118 0.994672 0.0286961 -1.48363 -0.118541 -0.0404225 0.992126 129.985
0.989018 0.0897408 0.117431 56.2762 -0.0936635 0.995201 0.0283121 -1.46296 -0.114327 -0.0390002 0.992677 130.775
0.989075 0.0921472 0.115066 56.3534 -0.0962198 0.994897 0.0303442 -1.47848 -0.111683 -0.0410843 0.992894 131.681
0.98913 0.0942239 0.112887 56.4321 -0.098175 0.994718 0.0299552 -1.49651 -0.109468 -0.0407123 0.993156 132.373
0.989751 0.096745 0.105036 56.5789 -0.10024 0.994555 0.0285049 -1.48273 -0.101707 -0.0387415 0.99406 133.088
0.989773 0.100516 0.101226 56.6839 -0.103775 0.994222 0.0274538 -1.45463 -0.0978819 -0.0376778 0.994485 133.844
0.988907 0.105879 0.10418 56.6602 -0.109115 0.993693 0.0258506 -1.41929 -0.100786 -0.0369314 0.994222 134.699
0.988782 0.108365 0.1028 56.7355 -0.111805 0.993327 0.0283015 -1.40983 -0.0990472 -0.0394776 0.994299 135.484
0.988216 0.109709 0.106736 56.7326 -0.113768 0.992969 0.0326923 -1.40626 -0.102399 -0.0444502 0.99375 136.176
0.988677 0.108054 0.104124 56.8311 -0.112105 0.993119 0.0338605 -1.40909 -0.0997484 -0.04515 0.993988 136.947
0.98879 0.10716 0.103976 56.8908 -0.11088 0.993361 0.0306654 -1.39249 -0.0999996 -0.0418506 0.994107 137.732
0.990009 0.101897 0.097465 57.0003 -0.104792 0.994179 0.0250409 -1.32233 -0.0943461 -0.0350043 0.994924 138.514
0.99182 0.094744 0.0855412 57.2063 -0.0972885 0.994915 0.0260744 -1.36426 -0.0826358 -0.0341833 0.995993 139.331
0.99347 0.0827694 0.0785269 57.2796 -0.0855021 0.995821 0.0320945 -1.31946 -0.0755423 -0.0385991 0.996395 140.098
0.994727 0.0787238 0.0657354 57.4999 -0.0813757 0.995932 0.0386851 -1.25445 -0.0624226 -0.0438304 0.997087 140.866
0.994222 0.0861797 0.0640001 57.5102 -0.0892419 0.994918 0.0466339 -1.1321 -0.059656 -0.0520759 0.99686 141.597
0.993935 0.0907084 0.0621779 57.4553 -0.0936465 0.994538 0.046085 -1.03247 -0.057658 -0.0516283 0.997001 142.447
0.994044 0.0926467 0.0573855 57.504 -0.0950051 0.99468 0.0398267 -0.982696 -0.0533904 -0.0450414 0.997557 143.261
0.994486 0.094133 0.0462229 57.6235 -0.0956434 0.994913 0.0316276 -0.97893 -0.0430106 -0.0358741 0.99843 144.092
0.99523 0.0901618 0.0372575 57.6704 -0.0913076 0.995362 0.030286 -0.993923 -0.034354 -0.0335434 0.998847 144.94
0.994942 0.0954226 0.0313937 57.629 -0.0964407 0.994802 0.0326921 -1.00585 -0.0281109 -0.0355544 0.998972 145.854
0.995862 0.085858 0.029783 57.5431 -0.0868535 0.995643 0.0339203 -0.852102 -0.0267409 -0.0363667 0.998981 146.698
0.995827 0.088349 0.0228483 57.5369 -0.0890379 0.995542 0.0311298 -0.814707 -0.0199961 -0.0330342 0.999254 147.505
0.995511 0.0937181 0.0132241 57.5238 -0.0938875 0.9955 0.0128261 -0.686491 -0.0119625 -0.0140101 0.99983 148.288
0.995631 0.0932972 0.00391035 57.538 -0.0933376 0.995564 0.0118583 -0.691479 -0.00278665 -0.0121715 0.999922 149.092
0.994979 0.100082 0.000477955 57.4504 -0.100078 0.99487 0.0147434 -0.728609 0.00100005 -0.0147172 0.999891 149.866
0.994557 0.10407 -0.00512528 57.4065 -0.103922 0.994307 0.0235234 -0.733278 0.00754418 -0.0228627 0.99971 150.631
0.993577 0.112253 -0.0142605 57.4435 -0.111865 0.993393 0.0256035 -0.662744 0.0170404 -0.0238438 0.99957 151.53
0.994252 0.103919 -0.0257831 57.4981 -0.103163 0.994239 0.0290952 -0.641752 0.0286581 -0.0262681 0.999244 152.421
0.993946 0.104289 -0.0345852 57.5369 -0.103182 0.994135 0.0323834 -0.613549 0.0377596 -0.0286187 0.998877 153.217
0.993638 0.106125 -0.0377103 57.4775 -0.10498 0.993987 0.0311349 -0.62935 0.0407877 -0.026978 0.998804 154.147
0.993506 0.10519 -0.0433717 57.4254 -0.104211 0.994259 0.0242588 -0.560084 0.0456745 -0.0195814 0.998764 155.028
0.992907 0.107915 -0.0499048 57.4366 -0.107047 0.994057 0.0197696 -0.603831 0.0517417 -0.0142872 0.998558 155.876
0.992069 0.112349 -0.0563687 57.4466 -0.111475 0.993596 0.0184224 -0.612432 0.0580775 -0.0119926 0.99824 156.675
0.992924 0.100532 -0.0632149 57.4737 -0.0990977 0.994752 0.0254445 -0.552952 0.0654412 -0.019 0.997676 157.598
0.992381 0.103608 -0.0666754 57.5245 -0.10142 0.994213 0.0354167 -0.515372 0.069959 -0.0283846 0.997146 158.424
0.991443 0.117072 -0.0577415 57.1047 -0.115064 0.992671 0.0369502 -0.473868 0.0616441 -0.02999 0.997648 159.524
0.991341 0.115584 -0.0623116 57.0333 -0.113515 0.992891 0.0358039 -0.520799 0.066007 -0.0284206 0.997414 160.315
0.993052 0.0949845 -0.0694647 57.0103 -0.09332 0.995274 0.026834 -0.471066 0.0716853 -0.0201651 0.997223 161.079
0.992141 0.098615 -0.0770155 56.9293 -0.0972298 0.995029 0.021542 -0.489869 0.078757 -0.0138845 0.996797 161.923
0.991111 0.103462 -0.0836368 56.8438 -0.101832 0.994523 0.0235315 -0.482924 0.0856133 -0.0148054 0.996218 162.768
0.990423 0.105439 -0.0891298 56.7517 -0.103126 0.99421 0.0301856 -0.489654 0.0917965 -0.020705 0.995563 163.541
0.990018 0.103163 -0.096026 56.6523 -0.100226 0.994351 0.0349316 -0.488517 0.0990872 -0.0249586 0.994766 164.362
0.989982 0.0986569 -0.101007 56.6663 -0.0945826 0.994528 0.0443731 -0.566896 0.104832 -0.0343751 0.993896 164.98
0.990289 0.0885485 -0.107178 56.606 -0.0843119 0.995492 0.0434436 -0.486495 0.110542 -0.0339854 0.99329 165.634
0.989139 0.0925099 -0.114217 56.5423 -0.0889476 0.995389 0.0359116 -0.496986 0.117013 -0.0253623 0.992807 166.366
0.98796 0.094078 -0.122818 56.3921 -0.0920176 0.995506 0.0223545 -0.488813 0.12437 -0.0107839 0.992177 167.24
0.988432 0.0840852 -0.126218 56.2686 -0.0827769 0.996446 0.0155845 -0.445538 0.12708 -0.0049563 0.99188 168.058
0.987761 0.0810731 -0.133251 56.1406 -0.078416 0.996605 0.0250779 -0.418728 0.134832 -0.014322 0.990765 168.893
0.986046 0.0928491 -0.138176 56.037 -0.0884845 0.995375 0.037415 -0.378243 0.141011 -0.0246664 0.989701 169.75
0.984326 0.103429 -0.142844 56.0013 -0.0977571 0.994138 0.0461912 -0.401429 0.146784 -0.0315032 0.988667 170.433
0.983739 0.103875 -0.146516 55.8396 -0.0985829 0.994201 0.042953 -0.380902 0.150128 -0.0278106 0.988275 171.296
0.985194 0.0794842 -0.151903 55.574 -0.0755368 0.996642 0.0315918 -0.237667 0.153904 -0.0196497 0.98789 172.393
0.984161 0.0846761 -0.155747 55.4273 -0.0820697 0.996359 0.0231014 -0.206488 0.157136 -0.00995336 0.987527 173.219
0.983592 0.0883333 -0.157301 55.2702 -0.0861775 0.996069 0.0204865 -0.250925 0.158493 -0.00659456 0.987338 174.039
0.98393 0.0826225 -0.15829 55.1484 -0.0796447 0.996508 0.0250749 -0.216925 0.159809 -0.0120649 0.987074 174.833
0.983187 0.0944258 -0.156293 55.0069 -0.0889122 0.995157 0.0419162 -0.349302 0.159495 -0.027315 0.986821 175.656
0.983129 0.0955074 -0.156 54.9107 -0.0884687 0.994748 0.0514717 -0.369668 0.160097 -0.0368022 0.986415 176.418
0.983219 0.0963437 -0.154911 54.7353 -0.0879177 0.994297 0.0603693 -0.478951 0.159844 -0.0457369 0.986082 177.203
0.984866 0.0691907 -0.158906 54.5531 -0.0618734 0.996803 0.0505485 -0.325847 0.161896 -0.0399514 0.985999 178.097
0.984696 0.0563973 -0.164903 54.5047 -0.0504877 0.997931 0.0398146 -0.313667 0.166807 -0.0308797 0.985506 178.904
0.984444 0.0543499 -0.167082 54.4735 -0.0488703 0.998129 0.036738 -0.330956 0.168766 -0.0280011 0.985258 179.475
0.984064 0.0567415 -0.168517 54.3632 -0.0506177 0.9979 0.0404189 -0.29987 0.170456 -0.0312448 0.98487 180.228
0.984234 0.0702531 -0.162319 54.1223 -0.0608204 0.996198 0.062374 -0.383505 0.166084 -0.0515184 0.984765 181.079
0.984026 0.0640496 -0.166105 53.941 -0.0536056 0.996337 0.0666191 -0.322017 0.169763 -0.0566508 0.983855 182.041
0.984463 0.0506415 -0.168131 53.8169 -0.0404915 0.997175 0.0632604 -0.249737 0.17086 -0.0554697 0.983733 182.882
0.984422 0.0457092 -0.169774 53.709 -0.0372879 0.997926 0.0524657 -0.153705 0.17182 -0.0453179 0.984085 183.77
0.984484 0.046135 -0.169303 53.572 -0.0378297 0.997932 0.0519593 -0.105721 0.17135 -0.0447484 0.984193 184.562
0.9855 0.0479773 -0.16275 53.3762 -0.0394558 0.997696 0.0551951 -0.0647002 0.165023 -0.0479733 0.985122 185.389
0.986472 0.0497978 -0.156184 53.186 -0.0411025 0.997446 0.0584193 -0.020845 0.158694 -0.0512095 0.985999 186.217
0.986524 0.0486646 -0.156211 53.0697 -0.039669 0.997398 0.0601977 0.072611 0.158734 -0.0531898 0.985888 186.963
0.986373 0.051495 -0.156256 52.9238 -0.042505 0.997272 0.0603418 0.100818 0.158937 -0.0528778 0.985872 187.725
0.986625 0.0589527 -0.15197 52.7076 -0.0503498 0.996937 0.0598517 0.0564436 0.155033 -0.0513996 0.986571 188.554
0.985937 0.069262 -0.152087 52.5991 -0.0619128 0.996698 0.0525431 0.0806675 0.155224 -0.0423881 0.986969 189.306
0.985576 0.0701333 -0.154018 52.4891 -0.0627165 0.996649 0.0525033 0.15008 0.157184 -0.0420865 0.986672 189.95
0.984907 0.0762385 -0.155386 52.3681 -0.0671922 0.99577 0.0626692 0.16524 0.159507 -0.0512826 0.985864 190.695
0.984846 0.0742502 -0.156731 52.2291 -0.0634264 0.995315 0.0729728 0.175437 0.161415 -0.0619261 0.984942 191.451
0.985348 0.0660268 -0.157255 52.1141 -0.0547261 0.99567 0.0751431 0.208506 0.161536 -0.0654362 0.984695 192.202
