0.999219 0.00055751 0.0395181 0.0919535 -0.000498345 0.999999 -0.001507 -0.044616 -0.0395189 0.00148613 0.999218 -0.696145
0.99602 0.00717443 0.0888358 0.0173609 -0.00651041 0.999949 -0.00776225 0.0435697 -0.088887 0.007153 0.996016 0.322166
0.990812 0.00590107 0.135119 0.0567779 -0.00445548 0.99993 -0.0109986 -0.0157472 -0.135174 0.0102956 0.990768 1.11153
0.98373 0.00882064 0.179438 0.337027 -0.00601291 0.999851 -0.0161852 0.0361336 -0.179554 0.0148429 0.983636 2.15542
0.974475 0.00341037 0.22447 0.490624 0.000368555 0.999859 -0.0167908 0.0192334 -0.224495 0.016445 0.974336 2.69636
0.962564 0.013329 0.270727 0.809845 -0.0105417 0.999875 -0.0117471 -0.235631 -0.27085 0.0084534 0.962584 3.55292
0.950446 0.00171853 0.310885 0.562881 0.00335825 0.99987 -0.015794 -0.168242 -0.310872 0.0160554 0.950316 3.05671
0.935282 0.00322508 0.353889 1.1095 0.0030652 0.999847 -0.0172128 -0.199125 -0.353891 0.0171835 0.935129 4.4004
0.917336 0.00495168 0.398082 1.68226 0.00212307 0.999848 -0.0173293 -0.294442 -0.398108 0.016742 0.917186 5.62608
0.899188 0.00220213 0.437558 2.05208 0.00628148 0.999819 -0.0179404 -0.264186 -0.437518 0.0188803 0.899011 6.01574
0.87796 -0.00898256 0.47865 2.48255 0.0182556 0.999725 -0.0147239 -0.316364 -0.478387 0.021665 0.877882 6.55132
0.854717 -0.012245 0.51895 3.10449 0.0226107 0.999651 -0.0136526 -0.336677 -0.518601 0.023403 0.854696 7.41309
0.828287 -0.0125559 0.560163 3.60684 0.0245332 0.999603 -0.0138703 -0.342937 -0.559767 0.0252312 0.828266 8.4241
0.800387 -0.0139682 0.599321 4.16733 0.027478 0.999533 -0.0134009 -0.348897 -0.598853 0.027194 0.800397 9.15786
0.771328 -0.0190553 0.636152 4.66723 0.0344941 0.999334 -0.0118896 -0.465453 -0.635502 0.0311143 0.771472 9.83448
0.739522 -0.015098 0.672963 5.09901 0.0308424 0.999458 -0.0114699 -0.372766 -0.672425 0.029238 0.739587 10.2024
0.706671 -0.0187411 0.707294 5.5968 0.0334255 0.999417 -0.00691456 -0.562826 -0.706752 0.028528 0.706885 10.6469
0.674421 -0.0186893 0.73811 6.17422 0.0332705 0.999433 -0.00509361 -0.653323 -0.737597 0.0279926 0.674661 10.9633
0.637391 -0.0211378 0.770251 6.82505 0.0373585 0.999296 -0.00349119 -0.731245 -0.769634 0.0310007 0.637732 11.5375
0.598342 -0.0126889 0.80114 7.5966 0.0304236 0.999513 -0.00689145 -0.685413 -0.800663 0.028497 0.598437 12.1514
0.560688 -0.0136852 0.827914 8.73117 0.0357554 0.999331 -0.00769603 -0.733746 -0.827254 0.0339175 0.560803 12.8462
0.52128 -0.00732208 0.853354 9.7998 0.0370585 0.999214 -0.0140639 -0.675662 -0.852581 0.0389553 0.521141 13.5111
0.482972 -0.00932958 0.875586 10.9261 0.0454074 0.998865 -0.0144035 -0.654342 -0.874458 0.0467146 0.482847 14.1407
0.445958 -0.0189856 0.894853 11.778 0.0679296 0.997609 -0.0126876 -0.659448 -0.892473 0.0664451 0.446181 14.4793
0.409437 -0.019724 0.912125 12.6844 0.0708707 0.997433 -0.0102439 -0.706424 -0.909582 0.0688372 0.409784 14.8843
0.373866 -0.0170223 0.927327 13.3766 0.0691969 0.997557 -0.00958635 -0.764263 -0.924898 0.0677522 0.37413 15.1126
0.337647 -0.0190718 0.94108 14.8715 0.0875384 0.996098 -0.0112208 -0.286011 -0.937194 0.0861693 0.337999 16.3615
0.302999 -0.0161375 0.952854 15.881 0.0828852 0.996514 -0.00947977 -0.225675 -0.94938 0.0818499 0.30328 16.6863
0.268311 -0.0178101 0.963168 17.518 0.0842123 0.996435 -0.00503384 -0.552556 -0.959645 0.0824612 0.268854 17.4546
0.232009 -0.0117706 0.972642 18.7986 0.0800584 0.996765 -0.00703418 -0.372599 -0.969414 0.0795002 0.232201 18.1095
0.19758 -0.00872547 0.980248 20.035 0.0789039 0.996857 -0.00703063 -0.300308 -0.977106 0.0787345 0.197647 18.7146
0.167655 -0.00991695 0.985796 21.3966 0.0794164 0.996835 -0.00347838 -0.421592 -0.982642 0.0788715 0.167912 18.7702
0.137032 -0.0109316 0.990506 22.2517 0.0806081 0.996746 -0.000151245 -0.514709 -0.987281 0.0798636 0.137467 18.9402
0.106152 -0.0109038 0.99429 23.8793 0.0773304 0.997002 0.00267756 -0.477752 -0.991338 0.0766047 0.106677 19.1769
0.0768746 -0.0110438 0.99698 24.7782 0.0793984 0.996831 0.00491989 -0.500233 -0.993874 0.0787804 0.0775078 19.3034
0.0482558 -0.0114596 0.998769 26.3434 0.0787929 0.996862 0.00763077 -0.669733 -0.995722 0.0783277 0.0490073 19.3398
0.0228041 -0.00939014 0.999696 28.5588 0.087309 0.996154 0.00736526 -0.606765 -0.99592 0.0871145 0.0235363 19.1311
-0.00265705 -0.00740347 0.999969 30.0204 0.0872051 0.996161 0.00760699 -0.526143 -0.996187 0.0872226 -0.00200123 19.2837
-0.026544 -0.0115449 0.999581 31.3449 0.0729994 0.997241 0.0134564 -0.576201 -0.996979 0.073326 -0.025628 19.3557
-0.0441633 -0.0118975 0.998953 32.5527 0.0759935 0.996992 0.0152338 -0.506691 -0.99613 0.0765868 -0.0431263 19.329
-0.0615938 -0.0110455 0.99804 34.0908 0.0806157 0.996617 0.016005 -0.56853 -0.99484 0.0814435 -0.060495 19.4186
-0.0766045 -0.0119234 0.99699 35.2885 0.0834477 0.996344 0.0183274 -0.558074 -0.993563 0.0846005 -0.0753294 19.313
-0.0888845 -0.0128774 0.995959 37.3611 0.0810488 0.996507 0.0201177 -0.446109 -0.992739 0.0825094 -0.0875303 18.667
-0.10153 -0.0112185 0.994769 39.1134 0.079461 0.99665 0.0193498 -0.189619 -0.991654 0.08101 -0.100298 18.4942
-0.113737 -0.00921498 0.993468 40.5191 0.0801214 0.996615 0.0184168 -0.251981 -0.990275 0.0816927 -0.112614 18.4317
-0.123989 -0.00364548 0.992277 41.894 0.077258 0.996922 0.0133163 -0.101281 -0.989271 0.0783124 -0.123326 18.1198
-0.133667 -0.00157816 0.991025 43.1792 0.079373 0.996769 0.012293 -0.247841 -0.987843 0.0803038 -0.13311 17.9517
-0.143024 -0.0001181 0.989719 44.5539 0.0784839 0.99685 0.0114607 -0.2128 -0.986602 0.0793162 -0.142564 17.8304
-0.149523 -0.000375018 0.988758 45.8876 0.0778724 0.996889 0.0121542 -0.316926 -0.985687 0.0788143 -0.149028 17.704
-0.157328 -0.00111939 0.987546 47.4275 0.061856 0.998025 0.0109857 -0.252417 -0.985607 0.062814 -0.156948 17.4137
-0.159747 0.000310639 0.987158 48.6895 0.0638574 0.997909 0.0100197 -0.248214 -0.98509 0.0646379 -0.159432 17.1571
-0.164122 0.0012305 0.986439 50.051 0.0641917 0.997893 0.00943533 -0.255952 -0.984349 0.0648698 -0.163855 16.8255
-0.16613 0.000722185 0.986104 51.4734 0.0635256 0.99793 0.0099714 -0.199771 -0.984056 0.0642994 -0.165832 16.5645
-0.16748 -0.000629801 0.985875 52.965 0.0630003 0.997949 0.01134 -0.084224 -0.98386 0.0640097 -0.167097 16.1964
-0.170437 -0.00293042 0.985364 54.4278 0.0625505 0.997947 0.0137871 -0.0693732 -0.983381 0.0639849 -0.169904 15.9886
-0.172068 -0.00191782 0.985083 55.9329 0.0635369 0.997894 0.0130409 -0.00721334 -0.983034 0.064833 -0.171583 15.6147
-0.174137 -0.000271856 0.984721 57.3298 0.062025 0.998011 0.0112439 0.182222 -0.982766 0.0630354 -0.173773 15.4385
-0.176517 0.000578536 0.984297 58.902 0.062308 0.998001 0.0105873 0.14769 -0.982323 0.0631984 -0.176201 15.2844
-0.175322 0.00221105 0.984509 60.4713 0.0685106 0.997601 0.00995997 0.197367 -0.982124 0.0691955 -0.175053 14.947
-0.176128 0.004898 0.984355 62.0877 0.0647937 0.997877 0.00662806 0.266503 -0.982233 0.0649474 -0.176071 14.7712
-0.171998 0.0065815 0.985075 63.785 0.0823779 0.996571 0.00772522 0.135297 -0.981647 0.0824772 -0.171951 14.319
-0.165995 0.00699276 0.986102 65.8225 0.0803556 0.996745 0.00645843 0.275753 -0.982847 0.0803109 -0.166017 13.4322
-0.165608 0.00849318 0.986155 67.4998 0.0826836 0.996562 0.00530247 0.310563 -0.982719 0.082417 -0.165741 13.1362
-0.161955 0.00987883 0.986749 69.2342 0.0864982 0.996243 0.00422303 0.282337 -0.983 0.0860359 -0.162201 12.6662
-0.161665 0.00839301 0.98681 70.5725 0.0903218 0.995893 0.00632678 0.105302 -0.982704 0.0901533 -0.161759 12.5352
-0.159345 0.00588965 0.987205 72.3805 0.0859891 0.996264 0.00793579 0.100797 -0.983471 0.0861534 -0.159256 12.1636
-0.16025 0.00601501 0.987058 74.0635 0.0865897 0.996212 0.00798713 0.144716 -0.983271 0.086749 -0.160164 11.9042
-0.156726 0.00490845 0.98763 75.7423 0.0886896 0.996018 0.00912393 0.201088 -0.983652 0.0890225 -0.156537 11.5464
-0.155033 0.00750448 0.987881 77.4552 0.0923856 0.995699 0.00693465 0.275491 -0.98358 0.0923411 -0.155059 11.1198
-0.155625 0.00957658 0.98777 79.0699 0.0931387 0.99564 0.00502133 0.301076 -0.983415 0.092781 -0.155839 10.9651
-0.153531 0.0109196 0.988083 80.6943 0.0968769 0.995288 0.00405379 0.309446 -0.983383 0.0963449 -0.153865 10.6702
-0.154828 0.0118343 0.98787 82.338 0.106589 0.994292 0.00479434 0.199585 -0.982175 0.106038 -0.155206 10.5179
-0.152495 0.0101755 0.988252 84.1006 0.106523 0.994291 0.00619969 0.231174 -0.982547 0.106217 -0.152708 10.1089
-0.151283 0.0106663 0.988433 85.8284 0.108873 0.994038 0.00593667 0.294202 -0.982476 0.108512 -0.151543 9.74792
-0.155245 0.01052 0.98782 87.3045 0.107921 0.994139 0.00637353 0.309675 -0.981963 0.107596 -0.155471 9.82844
-0.155289 0.0102284 0.987816 89.0206 0.113275 0.993535 0.00751967 0.120625 -0.981353 0.113062 -0.155444 9.68556
-0.160851 0.0132838 0.986889 90.8708 0.104799 0.994487 0.00369483 0.319621 -0.981399 0.104019 -0.161356 9.61982
-0.161408 0.015627 0.986764 92.7424 0.110841 0.993835 0.00239151 0.285156 -0.980644 0.10976 -0.162145 9.21486
-0.162894 0.0150244 0.986529 94.6655 0.107416 0.994211 0.002595 0.0957616 -0.980779 0.106392 -0.163564 8.81077
-0.164363 0.0137047 0.986305 96.6776 0.109157 0.994015 0.00437876 0.00838432 -0.980341 0.108382 -0.164876 8.48585
-0.16886 0.0134314 0.985549 98.3723 0.108944 0.994035 0.00511902 0.00535044 -0.979601 0.108234 -0.169316 8.35432
-0.167712 0.0157723 0.98571 100.398 0.107205 0.994234 0.00233146 0.200507 -0.97999 0.106064 -0.168436 7.93587
-0.171198 0.0163424 0.985101 102.328 0.101069 0.994879 0.00105985 0.186265 -0.980039 0.0997444 -0.171973 7.65233
-0.173535 0.0150513 0.984713 103.948 0.0964788 0.995333 0.00178867 0.166082 -0.980091 0.0953143 -0.174177 7.35744
-0.175454 0.0167365 0.984345 105.853 0.101929 0.994791 0.00125412 0.153082 -0.979197 0.100553 -0.176246 6.95829
-0.177169 0.0196251 0.983985 107.73 0.106555 0.994307 -0.000645583 0.316468 -0.978395 0.104734 -0.178251 6.59301
-0.184808 0.0181902 0.982606 109.453 0.0982683 0.99516 5.97021e-05 0.333987 -0.977849 0.0965701 -0.185701 6.39259
-0.192534 0.0184581 0.981117 111.57 0.101578 0.994827 0.00121754 0.22747 -0.976019 0.0998942 -0.193413 6.07868
-0.203159 0.0226362 0.978884 113.53 0.100506 0.994934 -0.00214802 0.32351 -0.973974 0.0979477 -0.204405 5.79591
-0.212437 0.0220382 0.976926 115.698 0.0992384 0.995063 -0.000867524 0.272119 -0.972123 0.0967643 -0.213575 5.42224
-0.218798 0.0309277 0.97528 117.83 0.108144 0.994109 -0.00726329 0.373704 -0.969759 0.103882 -0.220854 4.95555
-0.2214 0.0311446 0.974686 119.624 0.110665 0.993836 -0.00661877 0.303424 -0.968883 0.106399 -0.223482 4.50954
-0.224118 0.0346868 0.973944 121.356 0.114875 0.99334 -0.00894318 0.283415 -0.967768 0.109877 -0.22661 4.08186
-0.230792 0.0342899 0.972399 123.292 0.117166 0.993086 -0.00721093 0.181958 -0.965923 0.112268 -0.233214 3.68216
-0.23623 0.0314335 0.971189 125.132 0.105788 0.994368 -0.00645207 0.293263 -0.965921 0.101216 -0.238225 3.2001
-0.241843 0.0333602 0.969742 127.007 0.106651 0.994267 -0.00760638 0.272044 -0.964436 0.101584 -0.244014 2.75957
-0.248258 0.0344393 0.968082 128.97 0.106616 0.994268 -0.00802998 0.255728 -0.962809 0.101219 -0.250507 2.2625
-0.250701 0.0471799 0.966914 130.853 0.145823 0.989255 -0.0104611 0.0426164 -0.957019 0.138376 -0.254887 1.68021
-0.254522 0.0488479 0.965832 132.909 0.148821 0.988805 -0.0107914 0.0886859 -0.955547 0.14099 -0.258943 1.11437
-0.257457 0.0536793 0.964798 135.01 0.155846 0.987691 -0.0133653 0.161907 -0.953639 0.146919 -0.262654 0.314675
-0.258068 0.0552989 0.964543 136.95 0.15941 0.987114 -0.0139419 0.168825 -0.952885 0.15016 -0.263558 -0.287057
-0.252822 0.0556609 0.96591 138.75 0.159408 0.987096 -0.0151576 0.20531 -0.95429 0.150141 -0.258432 -0.988737
-0.256385 0.055963 0.964953 140.667 0.167045 0.985866 -0.0127925 0.0830775 -0.952031 0.157911 -0.26211 -1.53928
-0.257643 0.0565927 0.964581 142.707 0.168093 0.985686 -0.0129327 0.0580524 -0.951507 0.158807 -0.263468 -2.15147
-0.259403 0.0565129 0.964114 144.568 0.165253 0.986161 -0.0133423 0.020958 -0.951526 0.155862 -0.265152 -2.71695
-0.263476 0.0560775 0.963035 146.597 0.162243 0.986664 -0.0130654 0.0167903 -0.950924 0.152803 -0.269061 -3.2851
-0.265407 0.0570127 0.962449 148.67 0.166825 0.985909 -0.0123984 -0.0899493 -0.949594 0.15727 -0.271178 -3.96867
-0.26883 0.0570543 0.961496 150.6 0.165949 0.98606 -0.0121134 -0.130018 -0.948784 0.156303 -0.274551 -4.53965
-0.269404 0.0553111 0.961437 152.68 0.160877 0.986905 -0.0116969 -0.107507 -0.949495 0.151522 -0.274775 -5.36143
-0.270562 0.0594336 0.960866 154.907 0.155801 0.987638 -0.0172188 0.163243 -0.950012 0.145045 -0.276477 -6.1682
-0.268303 0.0607446 0.961418 157.035 0.156968 0.987429 -0.0185832 0.158416 -0.95046 0.145925 -0.274465 -7.3522
-0.270551 0.0615827 0.960734 159.127 0.155172 0.987693 -0.019613 0.217692 -0.950118 0.143772 -0.276778 -8.16913
-0.276366 0.0595137 0.959208 160.788 0.141663 0.989701 -0.0205898 0.171444 -0.950554 0.130194 -0.28195 -8.66372
-0.281594 0.0594141 0.957692 162.701 0.139979 0.989947 -0.0202566 0.142605 -0.949269 0.128353 -0.28708 -9.19365
-0.282346 0.0601726 0.957424 164.748 0.141267 0.989758 -0.020545 0.111265 -0.948854 0.129451 -0.287954 -10.0155
-0.286601 0.0611565 0.956096 166.776 0.144441 0.989312 -0.0199833 -0.0944483 -0.947099 0.132372 -0.292371 -10.5526
-0.291104 0.061388 0.95472 168.583 0.14269 0.989563 -0.0201207 -0.189428 -0.94599 0.130372 -0.296826 -11.08
-0.292537 0.063181 0.954165 170.282 0.147436 0.988864 -0.0202765 -0.256386 -0.94482 0.134746 -0.298594 -11.6252
-0.297579 0.0635874 0.952577 172.519 0.146073 0.989064 -0.0203908 -0.37393 -0.943456 0.133078 -0.303613 -12.106
-0.300044 0.0634576 0.951812 174.517 0.146749 0.988978 -0.0196751 -0.451497 -0.94257 0.133775 -0.306049 -12.7652
-0.304227 0.0635197 0.950479 176.658 0.145894 0.98911 -0.0194037 -0.468772 -0.941361 0.132767 -0.310182 -13.4129
-0.308907 0.0664456 0.948768 179.059 0.150932 0.98834 -0.0200754 -0.480807 -0.93904 0.136998 -0.315334 -14.2336
-0.311908 0.0661625 0.947806 180.913 0.152623 0.988107 -0.01875 -0.590517 -0.937774 0.138809 -0.318296 -14.8474
-0.31427 0.0680005 0.946895 182.729 0.152437 0.988103 -0.0203666 -0.581145 -0.937015 0.137941 -0.320897 -15.4053
-0.316539 0.0679458 0.946143 184.52 0.151255 0.988285 -0.0203687 -0.639251 -0.936443 0.136662 -0.323107 -16.0713
-0.317021 0.0678317 0.94599 186.504 0.150566 0.988389 -0.020414 -0.696724 -0.936391 0.135962 -0.323554 -16.8257
-0.319051 0.0700993 0.945142 188.558 0.153368 0.987935 -0.0215008 -0.766192 -0.935246 0.138095 -0.325953 -17.5314
-0.321985 0.0724265 0.943971 190.228 0.153344 0.987894 -0.0234914 -0.761838 -0.934244 0.137189 -0.329193 -18.0531
-0.327308 0.0717952 0.942186 192.067 0.149468 0.98849 -0.0233996 -0.866841 -0.933021 0.133168 -0.334272 -18.6153
-0.332954 0.0728043 0.940128 194.018 0.147988 0.988694 -0.0241541 -0.935877 -0.931258 0.131085 -0.339964 -19.1567
-0.33525 0.0756855 0.939084 196.152 0.154064 0.987754 -0.0246079 -0.930458 -0.929447 0.136429 -0.342805 -19.9365
-0.338666 0.078605 0.937618 198.102 0.161356 0.986594 -0.0244294 -0.986108 -0.926968 0.143017 -0.346809 -20.6713
-0.34171 0.0788795 0.936489 199.93 0.16394 0.986196 -0.0232471 -1.00761 -0.925396 0.145584 -0.349925 -21.4081
-0.352353 0.0773458 0.932666 202.236 0.160515 0.986806 -0.0211945 -1.06408 -0.921999 0.142239 -0.360119 -21.7545
-0.355625 0.0774209 0.931416 204.286 0.162456 0.986514 -0.0199732 -1.13613 -0.920401 0.144211 -0.363407 -22.5496
-0.357742 0.0808339 0.930315 206.534 0.169237 0.985361 -0.0205388 -1.20801 -0.918357 0.150096 -0.366185 -23.483
-0.358305 0.0837106 0.929844 208.51 0.176618 0.984065 -0.0205344 -1.31544 -0.916746 0.156869 -0.36738 -24.3223
-0.362197 0.0847758 0.928238 210.408 0.174116 0.98448 -0.0219724 -1.36514 -0.915695 0.153663 -0.371337 -24.9593
-0.364552 0.0836174 0.927421 212.345 0.175713 0.984245 -0.0196709 -1.45152 -0.914454 0.155789 -0.373501 -25.7645
-0.365614 0.0831139 0.927048 214.374 0.179266 0.983645 -0.0174883 -1.60652 -0.91334 0.159794 -0.374534 -26.5135
-0.367242 0.0834792 0.926372 216.328 0.179598 0.983585 -0.0174367 -1.68685 -0.912621 0.159971 -0.376207 -27.3547
-0.366876 0.0880591 0.926093 218.547 0.188503 0.981895 -0.0186889 -1.71791 -0.910971 0.167715 -0.376833 -28.3205
-0.36993 0.0891884 0.924769 220.44 0.191805 0.98127 -0.0179109 -1.83101 -0.909045 0.17075 -0.380108 -29.0826
-0.367331 0.0929814 0.925431 222.36 0.206065 0.978399 -0.0165098 -2.00494 -0.906976 0.184634 -0.378557 -30.1218
-0.371133 0.0933398 0.923877 224.279 0.203831 0.978858 -0.017013 -2.06445 -0.905932 0.182001 -0.382312 -30.8737
-0.37529 0.0903001 0.922498 226.136 0.202536 0.979182 -0.013453 -2.22125 -0.904509 0.181791 -0.385766 -31.5988
-0.384529 0.0890372 0.918809 227.484 0.202717 0.979186 -0.0100493 -2.43742 -0.900579 0.182394 -0.394575 -31.98
-0.389307 0.0840672 0.917264 228.493 0.198581 0.980069 -0.00554112 -2.64809 -0.899448 0.179994 -0.398241 -32.1897
-0.39291 0.0829002 0.915833 230.403 0.199587 0.979875 -0.00307063 -2.74868 -0.897656 0.181582 -0.401549 -32.9535
-0.400963 0.0830554 0.912321 231.864 0.194225 0.980949 -0.00394145 -2.80177 -0.895268 0.175616 -0.409456 -33.487
-0.407996 0.0812663 0.90936 233.44 0.194947 0.980814 -0.000186203 -2.97228 -0.891928 0.177201 -0.41601 -33.9697
-0.409783 0.0826728 0.908429 235.532 0.189958 0.981785 -0.00366055 -2.85728 -0.892185 0.171063 -0.418024 -35.0825
-0.416663 0.0789539 0.905626 236.837 0.195687 0.980656 0.00453731 -3.14334 -0.887749 0.17911 -0.424053 -35.5109
-0.419372 0.0782184 0.904438 238.883 0.195504 0.980686 0.00583926 -3.06472 -0.886513 0.17927 -0.426564 -36.5267
-0.422506 0.0781933 0.902981 240.885 0.194209 0.980942 0.00592659 -3.07532 -0.885309 0.177871 -0.42964 -37.4846
-0.426557 0.0794862 0.900961 243.018 0.196069 0.98057 0.00631874 -3.06361 -0.882953 0.179346 -0.433853 -38.5233
-0.429201 0.0772604 0.899899 244.92 0.200444 0.979638 0.0114943 -3.21073 -0.880687 0.185313 -0.435948 -39.418
-0.431243 0.0796449 0.898714 247.115 0.201837 0.979367 0.010058 -3.15372 -0.87937 0.185731 -0.438421 -40.6206
-0.430447 0.0760042 0.89941 247.757 0.196172 0.980507 0.0110282 -3.04087 -0.88104 0.181186 -0.436966 -41.8271
-0.429009 0.07381 0.90028 248.169 0.191104 0.981513 0.0105964 -2.7643 -0.882854 0.176593 -0.435183 -43.1051
-0.432577 0.0675295 0.899064 248.366 0.195832 0.980421 0.0205825 -3.30685 -0.880072 0.184969 -0.437332 -43.5822
-0.43379 0.0652706 0.898647 248.88 0.19134 0.981297 0.0210888 -3.06983 -0.880463 0.181095 -0.438166 -44.5775
-0.437344 0.0636409 0.897039 249.599 0.187393 0.982046 0.0216902 -2.98755 -0.879553 0.177585 -0.441418 -45.0717
-0.441534 0.0626426 0.895055 249.894 0.1795 0.98356 0.0197113 -2.69998 -0.879106 0.169366 -0.44552 -45.6798
-0.442269 0.0657455 0.894469 251.083 0.181467 0.983242 0.0174555 -2.44414 -0.878332 0.170037 -0.446788 -46.6556
-0.437713 0.0659386 0.896694 251.601 0.183263 0.982914 0.0171795 -2.39982 -0.88024 0.171851 -0.442318 -47.9799
-0.425136 0.0685622 0.902529 253.042 0.183938 0.982865 0.0119792 -2.09867 -0.886243 0.171103 -0.430463 -50.0005
-0.426209 0.0688629 0.902 253.136 0.181237 0.983383 0.0105613 -1.99884 -0.886284 0.167977 -0.431607 -50.5059
-0.424182 0.0678314 0.903033 253.431 0.179403 0.983721 0.0103785 -1.87986 -0.887629 0.166409 -0.429445 -51.3237
-0.435074 0.0641202 0.898109 254.273 0.17559 0.984352 0.0147843 -1.97249 -0.883107 0.164131 -0.439525 -51.8693
-0.433363 0.0608838 0.89916 254.83 0.166819 0.985893 0.0136443 -1.71381 -0.885645 0.15591 -0.437407 -53.0598
-0.433542 0.0585498 0.899229 255.556 0.159978 0.987037 0.0128623 -1.55099 -0.886819 0.149433 -0.437289 -54.0736
-0.426606 0.0561467 0.902693 256.159 0.153915 0.98802 0.0112849 -1.34221 -0.891245 0.143752 -0.430137 -55.5658
-0.42201 0.0535885 0.905006 256.955 0.147862 0.988953 0.0103894 -1.11385 -0.894452 0.1382 -0.425272 -56.829
-0.419872 0.0488414 0.906268 257.866 0.14156 0.989854 0.0122384 -1.08426 -0.896475 0.13343 -0.422526 -57.9771
-0.419299 0.0478202 0.906588 258.335 0.143931 0.989483 0.0143754 -1.12699 -0.896366 0.136513 -0.421772 -58.6536
-0.41807 0.0482414 0.907133 258.822 0.144652 0.989383 0.0140503 -1.04398 -0.896824 0.137093 -0.420609 -59.3023
-0.419207 0.0462307 0.906713 259.758 0.136609 0.990544 0.0126545 -0.828102 -0.897554 0.12917 -0.421558 -60.1721
-0.424373 0.0401748 0.904596 260.096 0.128819 0.991533 0.016397 -0.85903 -0.896277 0.123487 -0.425955 -60.3154
-0.411262 0.0394052 0.910665 261.225 0.124357 0.992149 0.0132293 -0.538075 -0.902994 0.118688 -0.412934 -62.2834
-0.410511 0.0405852 0.910952 261.587 0.12754 0.991744 0.0132898 -0.564472 -0.902892 0.121638 -0.412299 -62.58
-0.401223 0.0415342 0.915038 262.645 0.118788 0.992895 0.00701781 -0.238154 -0.908245 0.111512 -0.403306 -64.1038
-0.40219 0.0374032 0.914792 263.624 0.0990062 0.995083 0.00284219 0.0209319 -0.910188 0.0917132 -0.403915 -65.1375
-0.402741 0.0338111 0.914689 264.657 0.0851954 0.996364 0.000681741 0.19124 -0.91134 0.0782018 -0.404158 -66.1571
-0.391697 0.028876 0.919641 265.802 0.0785734 0.996906 0.00216416 0.31662 -0.916733 0.0731071 -0.392754 -67.8381
-0.393672 0.0222131 0.918982 266.482 0.0671492 0.997732 0.00464864 0.356462 -0.916795 0.0635389 -0.394271 -68.4275
-0.384861 0.0254513 0.922624 267.42 0.0828113 0.99654 0.00705334 0.233861 -0.919252 0.0791182 -0.385637 -69.5717
-0.391543 0.0250012 0.91982 268.06 0.0945944 0.995428 0.01321 0.0321216 -0.915285 0.0921821 -0.392118 -69.8012
-0.390681 0.0170971 0.920367 268.779 0.0883718 0.995906 0.0190121 -0.0541917 -0.916274 0.0887622 -0.390593 -70.2909
-0.391509 0.0160431 0.920035 270 0.0853044 0.996175 0.0189293 0.0799776 -0.916212 0.085894 -0.39138 -71.3239
-0.395788 0.0133222 0.918245 270.94 0.0805902 0.996541 0.0202783 0.076158 -0.914799 0.0820274 -0.395492 -71.8895
-0.397645 0.00905696 0.917495 272.168 0.073147 0.997082 0.0218596 0.197722 -0.914619 0.0758044 -0.397147 -72.8364
-0.400056 0.00620757 0.91647 273.624 0.0719062 0.997107 0.0246346 0.223671 -0.913666 0.0757551 -0.399345 -73.7237
-0.401926 0.00456265 0.915661 275.148 0.0679946 0.997376 0.0248762 0.331412 -0.913144 0.0722583 -0.401182 -74.7963
-0.408327 0.0053835 0.91282 276.464 0.0724512 0.997019 0.0265291 0.388588 -0.909956 0.0769674 -0.4075 -75.4261
-0.412928 0.00190051 0.910762 277.931 0.063313 0.997639 0.0266235 0.492845 -0.908561 0.0686566 -0.412073 -76.2213
-0.413366 0.000653647 0.910565 279.136 0.0632667 0.997604 0.0280048 0.551361 -0.908364 0.0691847 -0.412417 -76.9788
-0.416532 -0.000169933 0.909121 280.349 0.0615389 0.997701 0.0283817 0.613067 -0.907036 0.0677682 -0.415564 -77.8312
-0.414688 -0.000811482 0.909963 282.038 0.0568305 0.998024 0.0267888 0.774927 -0.908187 0.0628227 -0.413823 -79.081
-0.416758 -0.00171573 0.909016 283.378 0.0546846 0.99814 0.0269553 0.86044 -0.907371 0.060943 -0.415889 -79.9249
-0.420487 -0.00153181 0.907297 284.643 0.0559226 0.998053 0.0276024 0.938255 -0.905574 0.0623449 -0.419583 -80.6847
-0.421055 -0.00237339 0.907032 285.999 0.0496795 0.998435 0.0256743 1.07878 -0.905674 0.0558712 -0.420278 -81.7232
-0.428103 -0.00562728 0.903712 287.094 0.0399601 0.998885 0.0251497 1.15228 -0.902846 0.0468791 -0.427401 -82.3657
-0.431416 -0.00872737 0.902111 289.346 0.0389893 0.998839 0.028309 1.17615 -0.90131 0.0473856 -0.430575 -83.3553
-0.448142 -0.00769235 0.89393 291.791 0.0447755 0.998515 0.031039 1.21335 -0.892841 0.053936 -0.447131 -83.877
-0.451649 -0.00626257 0.892174 294.321 0.0466269 0.998443 0.0306126 1.35081 -0.890977 0.0554255 -0.450654 -85.1264
-0.457134 -0.00519372 0.889383 296.782 0.051336 0.998162 0.0322151 1.35539 -0.887915 0.0603839 -0.456027 -86.196
-0.46273 -0.00957335 0.886447 299.188 0.053034 0.997852 0.0384605 1.26095 -0.884911 0.0648087 -0.461228 -87.2279
-0.466357 -0.0107583 0.884531 301.314 0.0518574 0.997874 0.039478 1.38829 -0.883075 0.0642803 -0.464808 -88.3443
-0.468214 -0.0119058 0.883535 302.824 0.0500778 0.997945 0.0399854 1.49345 -0.882195 0.0629672 -0.466656 -89.5048
-0.472846 -0.0124315 0.881057 305.395 0.0492547 0.997964 0.040515 1.54723 -0.879767 0.0625535 -0.471271 -90.7639
-0.477318 -0.0158637 0.878588 307.507 0.0492799 0.99778 0.0447885 1.50963 -0.877348 0.064675 -0.475476 -91.7892
-0.479951 -0.0158086 0.877153 309.502 0.0494221 0.997763 0.0450246 1.5614 -0.875902 0.0649604 -0.478096 -92.8303
-0.484807 -0.0185591 0.874424 311.17 0.0441041 0.997984 0.0456341 1.57253 -0.873509 0.0606894 -0.483011 -93.6549
-0.484167 -0.0156607 0.874836 312.663 0.0424088 0.998245 0.0413404 1.86612 -0.873947 0.0571164 -0.482653 -95.0133
-0.492858 -0.0117324 0.870031 314.729 0.0348044 0.998843 0.0331855 1.84066 -0.869413 0.0466367 -0.491879 -95.9754
-0.488973 0.000575098 0.872299 317.3 0.0501634 0.998363 0.0274612 1.97608 -0.870856 0.0571853 -0.488201 -97.6358
-0.489738 -0.000910056 0.871869 319.428 0.0567258 0.997847 0.032905 2.00924 -0.870022 0.0655723 -0.488632 -98.8921
-0.492928 -0.0124338 0.869981 321.698 0.0511194 0.997757 0.043224 2.01905 -0.868567 0.0657792 -0.491186 -100.179
-0.495855 -0.0245445 0.868058 323.558 0.0453034 0.997508 0.0540831 2.07229 -0.867223 0.0661434 -0.493508 -101.421
-0.500351 -0.0291455 0.865332 325.853 0.0386711 0.997684 0.0559636 2.2177 -0.864959 0.0614648 -0.498065 -102.628
-0.501156 -0.0296524 0.864849 328.589 0.0340004 0.997966 0.0539188 2.49967 -0.864689 0.0564269 -0.499128 -104.557
-0.5035 -0.0248512 0.863638 330.985 0.0381347 0.997973 0.0509491 2.64326 -0.863153 0.0585874 -0.501531 -105.946
-0.505714 -0.0281472 0.862242 333.592 0.0198514 0.998823 0.0442489 2.81647 -0.862472 0.039494 -0.504561 -107.671
-0.507258 -0.0287012 0.861316 335.322 0.0201619 0.998776 0.0451557 2.76105 -0.861558 0.0402713 -0.506059 -108.688
-0.511509 -0.0308229 0.858725 337.04 0.0161177 0.998836 0.0454527 2.54809 -0.859127 0.0370901 -0.510417 -109.665
-0.510333 -0.0302948 0.859443 340.079 0.0206518 0.998659 0.047465 2.73252 -0.859729 0.041972 -0.509023 -111.809
-0.510239 -0.0310463 0.859472 343.385 0.0193736 0.99868 0.0475763 2.95073 -0.859815 0.0409264 -0.508964 -114.635
-0.513022 -0.0280407 0.857918 345.745 0.029525 0.998298 0.0502845 2.99443 -0.857868 0.051127 -0.511321 -116.15
-0.518435 -0.0276976 0.854668 346.478 0.0284071 0.998366 0.049586 3.06427 -0.854645 0.0499858 -0.516801 -116.407
-0.520207 -0.0271706 0.853608 348.742 0.0310089 0.998234 0.0506716 3.13522 -0.853477 0.0528291 -0.518446 -117.755
-0.523293 -0.0302094 0.851617 350.417 0.0264122 0.998316 0.0516428 3.21293 -0.851744 0.0495174 -0.521614 -118.703
-0.524226 -0.0363575 0.850803 351.387 0.0182566 0.998379 0.0539128 3.3381 -0.851384 0.0437953 -0.522712 -118.939
-0.525144 -0.0319059 0.850415 351.544 0.0283903 0.998084 0.0549776 3.37698 -0.850539 0.0530147 -0.523232 -119.363
-0.526217 -0.0309609 0.849786 352.819 0.0268496 0.998234 0.0529956 3.56919 -0.849926 0.0507036 -0.524456 -120.381
-0.529164 -0.0249969 0.848152 354.437 0.030132 0.998382 0.048224 3.63082 -0.847985 0.0510749 -0.527554 -121.117
-0.531346 -0.0238377 0.846819 356.491 0.0319525 0.998329 0.0481516 3.70495 -0.846552 0.0526431 -0.529696 -122.231
-0.533287 -0.0197934 0.845703 359.665 0.0417826 0.99789 0.0497027 3.97221 -0.844902 0.0618415 -0.531335 -124.203
-0.533434 -0.02059 0.845591 362.073 0.03881 0.998055 0.0487854 4.11374 -0.844951 0.0588412 -0.531597 -125.841
-0.538054 -0.0223082 0.842615 363.332 0.0362471 0.998113 0.0495707 4.06495 -0.84213 0.0572141 -0.53623 -126.635
-0.534728 -0.0241775 0.844679 366.654 0.0325917 0.998257 0.0492058 4.13402 -0.844396 0.0538412 -0.533007 -128.686
-0.534615 -0.0263746 0.844684 369.02 0.0307241 0.998246 0.0506152 4.32834 -0.844537 0.0530118 -0.532866 -130.368
-0.534288 -0.0280999 0.844835 370.893 0.0343792 0.997898 0.0549328 4.40462 -0.844603 0.0583947 -0.532199 -131.706
-0.532877 -0.0277818 0.845737 373.107 0.0425963 0.997313 0.0595998 4.52129 -0.84512 0.0677846 -0.530262 -133.13
-0.538548 -0.0285221 0.842112 374.877 0.043264 0.997173 0.0614421 4.72915 -0.841483 0.0695226 -0.535791 -133.648
-0.53313 -0.0289044 0.845539 377.585 0.0293688 0.998182 0.0526401 5.16967 -0.845523 0.0528965 -0.531312 -135.453
-0.534768 -0.027429 0.844554 379.302 0.0214782 0.998709 0.0460355 5.31744 -0.844726 0.0427578 -0.533488 -135.873
-0.53374 -0.0275323 0.845201 381.219 0.0191597 0.99882 0.0446356 5.44872 -0.845432 0.0400176 -0.532582 -136.528
-0.530269 -0.023483 0.847504 380.259 0.0237203 0.998814 0.0425169 5.6094 -0.847498 0.0426485 -0.529083 -136.524
-0.525673 -0.0230152 0.850375 383.419 0.0245295 0.998808 0.0421958 5.83419 -0.850333 0.0430405 -0.524482 -138.865
-0.524803 -0.0220907 0.850937 389.952 0.0263773 0.998761 0.0421961 6.01369 -0.850815 0.0445901 -0.52357 -141.299
-0.521941 -0.0203067 0.85274 390.608 0.0231224 0.999012 0.0379427 6.05399 -0.852668 0.0395212 -0.520956 -142.189
-0.51908 -0.0185056 0.854526 391.268 0.0198527 0.999235 0.0336989 6.08858 -0.854495 0.0344571 -0.518315 -143.077
-0.517299 -0.0224857 0.855509 392.005 0.0153355 0.999251 0.0355366 6.23896 -0.855667 0.0315027 -0.516566 -144.252
-0.51534 -0.0439556 0.855858 394.141 -0.0280664 0.999014 0.0344082 6.01919 -0.856526 -0.00628889 -0.516065 -145.633
-0.51371 -0.0426492 0.856903 391.411 -0.0251653 0.999083 0.0346391 5.80295 -0.857595 -0.00376975 -0.514312 -144.581
-0.510281 -0.0398995 0.859082 393.043 -0.0146937 0.999182 0.0376786 5.92462 -0.859882 0.0066036 -0.51045 -146.026
-0.507894 -0.0405325 0.860465 394.387 -0.010443 0.999109 0.0408993 5.9258 -0.861356 0.0117867 -0.507865 -147.058
-0.505814 -0.0442863 0.861505 395.312 -0.0143356 0.998975 0.0429362 5.89454 -0.862524 0.00936754 -0.50593 -147.7
-0.50427 -0.0468029 0.862277 401.559 -0.0219506 0.998902 0.0413817 5.49067 -0.863267 0.00194011 -0.504744 -149.333
-0.493611 -0.0511467 0.868177 399.644 -0.0314206 0.998666 0.0409697 4.61232 -0.869115 -0.00705554 -0.49456 -152.805
-0.489526 -0.0442866 0.870864 398.455 -0.0232934 0.999017 0.0377101 5.12265 -0.871678 -0.00182534 -0.490076 -154.004
-0.490146 -0.0421584 0.87062 400.836 -0.0168066 0.999101 0.038918 5.25621 -0.871479 0.00444329 -0.490414 -155
-0.487538 -0.0452222 0.87193 401.484 -0.0178657 0.998965 0.0418213 4.72032 -0.872919 0.00481191 -0.487842 -155.986
-0.486359 -0.036671 0.872989 403.306 -4.35881e-06 0.999119 0.0419668 6.50713 -0.873759 0.0204071 -0.48593 -157.663
-0.484111 -0.0383173 0.874167 404.865 -0.0028808 0.999105 0.0421983 6.76771 -0.875002 0.0179104 -0.483788 -158.824
-0.480489 -0.0450372 0.875843 404.314 -0.011292 0.998915 0.045171 6.05062 -0.876928 0.0118141 -0.480477 -159.742
-0.480594 -0.0424945 0.875913 406.195 -0.00859562 0.999006 0.0437501 6.51485 -0.876901 0.013497 -0.480481 -161.016
-0.480594 -0.0424945 0.875913 405.937 -0.00859561 0.999006 0.0437501 6.51024 -0.876901 0.013497 -0.480481 -161.487
-0.479294 -0.0421797 0.87664 409.002 -0.0106397 0.99905 0.0422523 7.111 -0.87759 0.0109241 -0.479288 -163.377
-0.479975 -0.0451748 0.876119 410.971 -0.0167902 0.998963 0.0423106 7.01431 -0.877122 0.00559778 -0.480235 -163.923
-0.479887 -0.0471776 0.876061 413.079 -0.0188991 0.998877 0.043439 7.18741 -0.877127 0.00428903 -0.48024 -165.288
-0.478498 -0.0495956 0.876687 415.527 -0.0227356 0.998769 0.0440928 7.07171 -0.877794 0.00116631 -0.479036 -166.903
-0.477798 -0.0494285 0.877078 417.261 -0.0221099 0.998776 0.0442423 7.10662 -0.878191 0.0017468 -0.478306 -168.172
-0.476053 -0.049935 0.877997 417.955 -0.0242539 0.998752 0.0436523 7.00924 -0.879082 -0.000514087 -0.476671 -169.322
-0.480198 -0.0494989 0.875762 419.806 -0.0235807 0.998774 0.0435219 7.12247 -0.876843 0.000248052 -0.480777 -169.441
-0.478173 -0.0448265 0.877121 -1.41742e+18 -0.0128181 0.998946 0.0440646 -3.68125e+16 -0.878172 0.00982746 -0.478244 4.11355e+17
-0.476996 -0.0466522 0.877666 -1.41742e+18 -0.0149177 0.998876 0.0449876 -3.68125e+16 -0.878779 0.00836617 -0.477156 4.11355e+17
-0.477101 -0.0381475 0.87802 -1.41742e+18 -0.0115192 0.999243 0.037155 -3.68125e+16 -0.878773 0.00761253 -0.477179 4.11355e+17
-0.474418 -0.0379381 0.879482 -1.41742e+18 -0.0111513 0.99925 0.0370892 -3.68125e+16 -0.880229 0.00778838 -0.474485 4.11355e+17
-0.474444 -0.037412 0.87949 -1.41742e+18 -0.010188 0.999263 0.037011 -3.68125e+16 -0.880227 0.00859938 -0.474475 4.11355e+17
-0.474457 -0.0371697 0.879494 -1.41742e+18 -0.00963713 0.999268 0.0370328 -3.68125e+16 -0.880226 0.00909466 -0.474467 4.11355e+17
-0.473672 -0.0380625 0.879878 -1.41742e+18 -0.0118309 0.999251 0.0368573 -3.68125e+16 -0.880622 0.00704852 -0.473768 4.11355e+17
-0.473674 -0.038063 0.879878 -1.41742e+18 -0.011834 0.999251 0.0368563 -3.68125e+16 -0.880621 0.00704534 -0.473769 4.11355e+17
-0.47798 -0.0379637 0.87755 -1.41742e+18 -0.0117077 0.999252 0.0368517 -3.68125e+16 -0.878293 0.00734028 -0.478067 4.11355e+17
-0.474327 -0.0375795 0.879546 -1.41742e+18 -0.0104467 0.999258 0.0370606 -3.68125e+16 -0.880287 0.00839046 -0.474368 4.11355e+17
-0.474325 -0.0376237 0.879545 -1.41742e+18 -0.0105263 0.999257 0.0370679 -3.68125e+16 -0.880287 0.00832385 -0.474369 4.11355e+17
-0.47386 -0.0359533 0.879866 -1.41742e+18 -0.00319373 0.99923 0.0391108 -3.68125e+16 -0.880594 0.015723 -0.47361 4.11355e+17
-0.466078 -0.0376629 0.883942 -1.41742e+18 -0.00408625 0.999174 0.0404182 -3.68125e+16 -0.884734 0.015226 -0.465847 4.11355e+17
-0.467663 -0.0385666 0.883065 -1.41742e+18 -0.00269952 0.999105 0.0422048 -3.68125e+16 -0.883903 0.0173538 -0.467349 4.11355e+17
-0.463858 -0.0374103 0.885119 -1.41742e+18 -0.00206097 0.999151 0.0411498 -3.68125e+16 -0.885907 0.0172635 -0.463542 4.11355e+17
-0.46102 -0.0360903 0.886656 -1.41742e+18 -0.00187006 0.99921 0.0396993 -3.68125e+16 -0.887388 0.0166441 -0.460723 4.11355e+17
-0.451006 -0.0365581 0.891772 -1.41742e+18 -0.00292754 0.999216 0.0394822 -3.68125e+16 -0.892516 0.015196 -0.450759 4.11355e+17
-0.44809 -0.0358311 0.89327 -1.41742e+18 -0.00442041 0.999273 0.0378657 -3.68125e+16 -0.893978 0.0130186 -0.447923 4.11355e+17
-0.448206 -0.0361354 0.893199 -1.41742e+18 0.00128602 0.999156 0.0410673 -3.68125e+16 -0.893929 0.0195553 -0.447781 4.11355e+17
-0.45052 -0.0311008 0.892224 -2.84809e+18 0.0202848 0.998778 0.0450576 -8.23888e+16 -0.892536 0.038398 -0.449339 1.08514e+18
-0.450501 -0.0321788 0.892196 -2.84809e+18 0.0187919 0.998787 0.0455119 -8.23888e+16 -0.892578 0.0372692 -0.449349 1.08514e+18
-0.450479 -0.0326032 0.892192 -2.84809e+18 0.0174352 0.998821 0.045303 -8.23888e+16 -0.892617 0.0359636 -0.449379 1.08514e+18
-0.450479 -0.0326034 0.892192 -2.84809e+18 0.017435 0.998821 0.0453031 -8.23888e+16 -0.892617 0.0359635 -0.449379 1.08514e+18
-0.450522 -0.0318567 0.892197 -2.84809e+18 0.0195038 0.998773 0.0455107 -8.23888e+16 -0.892552 0.0379048 -0.449348 1.08514e+18
-0.455043 -0.036633 0.889716 -2.84809e+18 0.0206081 0.998453 0.0516501 -8.23888e+16 -0.890231 0.0418384 -0.453584 1.08514e+18
-0.455037 -0.0388964 0.889623 -2.84809e+18 0.0204135 0.998327 0.0540906 -8.23888e+16 -0.890238 0.0427736 -0.453482 1.08514e+18
-0.459541 -0.0389255 0.887303 -2.84809e+18 0.0211427 0.998277 0.0547438 -8.23888e+16 -0.887905 0.0439171 -0.457926 1.08514e+18
-0.460962 -0.0392794 0.88655 -2.84809e+18 0.0194048 0.998335 0.0543216 -8.23888e+16 -0.887208 0.0422435 -0.459432 1.08514e+18
-0.465393 -0.0384255 0.88427 -2.84809e+18 0.0175407 0.998461 0.0526193 -8.23888e+16 -0.884931 0.0399993 -0.464002 1.08514e+18
-0.464127 -0.0321443 0.885185 -2.84809e+18 0.0184923 0.998772 0.045965 -8.23888e+16 -0.885576 0.0377027 -0.462962 1.08514e+18
-0.463088 -0.0318704 0.885739 -2.84809e+18 0.0197364 0.998735 0.0462549 -8.23888e+16 -0.886093 0.0389014 -0.461873 1.08514e+18
-0.464488 -0.0317919 0.885008 -2.84809e+18 0.0204933 0.998702 0.0466318 -8.23888e+16 -0.885342 0.0397967 -0.463234 1.08514e+18
-0.464515 -0.0310176 0.885022 -2.84809e+18 0.0229241 0.99863 0.0470312 -8.23888e+16 -0.885269 0.042135 -0.463168 1.08514e+18
-0.468101 -0.0317192 0.883106 -2.84809e+18 0.023803 0.99854 0.0484824 -8.23888e+16 -0.883355 0.0437152 -0.466662 1.08514e+18
-0.467339 -0.0422196 0.883069 -2.84809e+18 0.0176885 0.998213 0.0570857 -8.23888e+16 -0.883901 0.0422986 -0.465757 1.08514e+18
-0.471023 -0.0419094 0.881125 -2.84809e+18 0.0183215 0.998191 0.0572716 -8.23888e+16 -0.881931 0.0431198 -0.469403 1.08514e+18
-0.47103 -0.0417146 0.88113 -2.84809e+18 0.0186267 0.998188 0.0572138 -8.23888e+16 -0.881921 0.0433619 -0.469399 1.08514e+18
-0.471078 -0.0393034 0.881215 -2.84809e+18 0.0213366 0.998207 0.0559275 -8.23888e+16 -0.881833 0.0451484 -0.469395 1.08514e+18
-0.471191 -0.0353508 0.881323 -2.84809e+18 0.0284125 0.99807 0.0552241 -8.23888e+16 -0.881574 0.0510616 -0.469277 1.08514e+18
-0.47929 -0.0345054 0.876978 -2.84809e+18 0.0326807 0.997832 0.0571213 -8.23888e+16 -0.877048 0.0560379 -0.477123 1.08514e+18
-0.484109 -0.03756 0.874201 -2.84809e+18 0.0317361 0.997667 0.0604393 -8.23888e+16 -0.874432 0.0570029 -0.481787 1.08514e+18
-0.478503 -0.0377987 0.877272 -2.84809e+18 0.0319688 0.997661 0.0604231 -8.23888e+16 -0.877504 0.056958 -0.476175 1.08514e+18
-0.47363 -0.0399351 0.879818 -2.84809e+18 0.028802 0.997735 0.0607924 -8.23888e+16 -0.880253 0.0541337 -0.471407 1.08514e+18
-0.474159 -0.0359023 0.879707 -2.84809e+18 0.0328756 0.997749 0.0584397 -8.23888e+16 -0.879825 0.0566306 -0.471912 1.08514e+18
-0.472105 -0.0374093 0.880748 -2.84809e+18 0.0334157 0.997622 0.0602851 -8.23888e+16 -0.880909 0.0578917 -0.469732 1.08514e+18
-0.472083 -0.0381331 0.880729 -2.84809e+18 0.0322733 0.997647 0.0604942 -8.23888e+16 -0.880963 0.0569823 -0.469741 1.08514e+18
-0.47388 -0.0384148 0.879751 -2.84809e+18 0.0321818 0.997625 0.0608966 -8.23888e+16 -0.880001 0.0571696 -0.471519 1.08514e+18
-0.476742 -0.0391003 0.878173 -2.84809e+18 0.0297227 0.997722 0.0605589 -8.23888e+16 -0.878541 0.0549726 -0.474493 1.08514e+18
-0.474707 -0.0378274 0.87933 -2.84809e+18 0.0312595 0.997721 0.0597959 -8.23888e+16 -0.879588 0.0558729 -0.472443 1.08514e+18
-0.468043 -0.0354234 0.882996 -2.84809e+18 0.0310807 0.997918 0.0565085 -8.23888e+16 -0.883159 0.0538925 -0.465967 1.08514e+18
-0.465923 -0.0264471 0.88443 -2.84809e+18 0.0388713 0.997976 0.0503201 -8.23888e+16 -0.883971 0.0578242 -0.463952 1.08514e+18
-0.465918 -0.0286771 0.884363 -2.84809e+18 0.0371822 0.997957 0.0519497 -8.23888e+16 -0.884046 0.0570868 -0.4639 1.08514e+18
-0.465912 -0.0284649 0.884373 -2.84809e+18 0.0380406 0.997914 0.0521603 -8.23888e+16 -0.884013 0.0579443 -0.463858 1.08514e+18
-0.466125 -0.0274264 0.884294 -2.84809e+18 0.0365932 0.998066 0.0502439 -8.23888e+16 -0.883962 0.0557791 -0.46422 1.08514e+18
-0.461619 -0.0250623 0.886724 -2.84809e+18 0.0347484 0.998323 0.0463062 -8.23888e+16 -0.886397 0.0521881 -0.459974 1.08514e+18
-0.461611 -0.0234044 0.886774 -2.84809e+18 0.0345203 0.998421 0.0443206 -8.23888e+16 -0.886411 0.0510706 -0.460074 1.08514e+18
-0.458914 -0.0260465 0.888099 -2.84809e+18 0.0302822 0.998531 0.0449333 -8.23888e+16 -0.887965 0.0475141 -0.457451 1.08514e+18
-0.459147 -0.029313 0.887876 -2.84809e+18 0.0276349 0.9985 0.0472561 -8.23888e+16 -0.88793 0.0462339 -0.457649 1.08514e+18
-0.45913 -0.0321897 0.887786 -2.84809e+18 0.0262475 0.998415 0.0497752 -8.23888e+16 -0.887981 0.0461555 -0.457558 1.08514e+18
-0.459133 -0.0319092 0.887794 -2.84809e+18 0.0269397 0.998395 0.0498166 -8.23888e+16 -0.887959 0.0467893 -0.457537 1.08514e+18
-0.460649 -0.0308123 0.887047 -2.84809e+18 0.0299043 0.998291 0.050206 -8.23888e+16 -0.887078 0.0496539 -0.45894 1.08514e+18
-0.460653 -0.0304583 0.887058 -2.84809e+18 0.0307579 0.998263 0.0502494 -8.23888e+16 -0.887047 0.0504316 -0.458916 1.08514e+18
-0.457526 -0.0285594 0.888737 -2.84809e+18 0.0324013 0.998285 0.0487601 -8.23888e+16 -0.888606 0.0511053 -0.455816 1.08514e+18
-0.457524 -0.0286077 0.888737 -2.84809e+18 0.0322718 0.99829 0.0487477 -8.23888e+16 -0.888612 0.0509844 -0.455818 1.08514e+18
-0.457529 -0.0285011 0.888738 -2.84809e+18 0.032458 0.998285 0.0487238 -8.23888e+16 -0.888602 0.0511392 -0.455819 1.08514e+18
-0.456526 -0.0284978 0.889254 -2.84809e+18 0.0329391 0.99826 0.0489014 -8.23888e+16 -0.8891 0.051616 -0.454793 1.08514e+18
-0.452293 -0.0315972 0.891309 -2.84809e+18 0.0224667 0.998651 0.0468032 -8.23888e+16 -0.891586 0.0411936 -0.450973 1.08514e+18
-0.447976 -0.0316431 0.893486 -2.84809e+18 0.0226286 0.998652 0.0467131 -8.23888e+16 -0.893759 0.0411446 -0.446656 1.08514e+18
-0.451294 -0.0438722 0.891296 -2.84809e+18 0.00576052 0.998627 0.0520721 -8.23888e+16 -0.892357 0.0286341 -0.450421 1.08514e+18
