0.99998 -0.00634294 -0.000693741 -0.0358163 0.00634472 0.999977 0.00259157 -0.00191299 0.000677287 -0.00259592 0.999996 1.45301
0.999971 -0.00729304 -0.00231883 -0.0191846 0.00730731 0.999954 0.00620613 -0.100084 0.00227347 -0.00622289 0.999978 2.95935
0.99998 -0.00599779 -0.00221434 -0.0743706 0.00601648 0.999946 0.00853151 -0.172637 0.00216305 -0.00854465 0.999961 4.42327
0.999963 -0.00813886 -0.00286597 -0.028669 0.00816209 0.999933 0.00818828 -0.125651 0.00279913 -0.00821137 0.999962 5.72739
0.999963 -0.00670186 -0.00542083 -0.0074766 0.00673327 0.999961 0.00579687 -0.0915573 0.00538177 -0.00583315 0.999969 7.16406
0.999852 -0.0140359 -0.00997599 0.142435 0.0140716 0.999895 0.00351403 0.0367307 0.00992562 -0.00365388 0.999944 8.56735
0.999899 -0.0135565 -0.00417261 0.00901252 0.0135489 0.999907 -0.00184494 0.104874 0.00419723 0.00178822 0.99999 9.93783
0.999783 -0.0139787 -0.0154594 0.667635 0.0140144 0.999899 0.00220668 -0.0678194 0.015427 -0.00242286 0.999878 11.1057
0.999745 -0.0131106 -0.0183701 0.854238 0.0131429 0.999912 0.00164108 -0.0355838 0.0183469 -0.0018821 0.99983 12.7782
0.999734 -0.0133623 -0.0187988 0.824994 0.0133929 0.999909 0.00150223 -0.00784997 0.0187771 -0.0017536 0.999822 14.2603
0.999727 -0.0100388 -0.0210905 0.929823 0.0100593 0.999949 0.000867739 -0.118174 0.0210808 -0.00107966 0.999777 16.6281
0.999561 -0.0203675 -0.0215291 0.951841 0.0204817 0.999777 0.0050959 -0.245437 0.0214205 -0.00553461 0.999755 17.5797
0.999462 -0.0224842 -0.0238635 1.05668 0.022605 0.999733 0.00480759 -0.155405 0.023749 -0.00534444 0.999704 18.9834
0.999356 -0.0268453 -0.0238057 0.913092 0.0269854 0.99962 0.00558157 -0.270201 0.0236468 -0.00622039 0.999701 20.0532
0.999359 -0.0263926 -0.0241913 0.875402 0.0265232 0.999635 0.0050921 -0.224687 0.0240481 -0.00573046 0.999694 21.2916
0.999359 -0.0238416 -0.0266918 0.945265 0.0240378 0.999686 0.00705431 -0.292199 0.0265153 -0.00769141 0.999619 22.6641
0.999253 -0.0267002 -0.0279221 0.889484 0.0269058 0.999613 0.00701144 -0.276329 0.0277241 -0.00775747 0.999586 24.093
0.999065 -0.0323214 -0.0287001 0.896876 0.0324987 0.999455 0.00573514 -0.273758 0.0284991 -0.0066625 0.999572 25.8307
0.998969 -0.0345351 -0.0294818 0.875875 0.0346558 0.999393 0.00359104 -0.280088 0.0293399 -0.00460904 0.999559 27.2758
0.998453 -0.0457674 -0.0315677 0.959558 0.0458598 0.998945 0.00221056 -0.268436 0.0314332 -0.00365483 0.999499 28.7552
0.998226 -0.0506812 -0.0312547 0.840361 0.0507722 0.998708 0.00212348 -0.183814 0.0311067 -0.00370658 0.999509 30.1476
0.998009 -0.0546561 -0.0314765 0.705266 0.0547918 0.998492 0.00346432 -0.147913 0.0312397 -0.00518208 0.999498 31.463
0.997581 -0.0617293 -0.0319645 0.650224 0.0618262 0.998085 0.00204946 -0.158388 0.0317768 -0.00402074 0.999487 32.4529
0.997211 -0.0665667 -0.0337572 0.69417 0.0666943 0.99777 0.00266429 -0.201266 0.0335045 -0.00490826 0.999427 34.1607
0.997033 -0.0693533 -0.0333984 0.721153 0.0695322 0.997571 0.00422358 -0.255746 0.0330244 -0.00653331 0.999433 35.2329
0.997441 -0.0641187 -0.0316257 0.664834 0.0642243 0.997933 0.0023333 -0.158275 0.0314107 -0.00435846 0.999497 36.9197
0.997203 -0.0684688 -0.0299648 0.601953 0.0686161 0.997635 0.00391301 -0.106592 0.029626 -0.00595813 0.999543 38.262
0.997288 -0.0677701 -0.028697 0.563378 0.0679824 0.997665 0.00648491 -0.111962 0.0281906 -0.00841822 0.999567 39.5574
0.9973 -0.0680986 -0.0274761 0.575265 0.0682821 0.997649 0.00579779 0.0134114 0.0270167 -0.00765826 0.999606 41.0418
0.997367 -0.0675893 -0.0262712 0.717155 0.0677599 0.997686 0.0056576 0.0382543 0.025828 -0.00742284 0.999639 42.1068
0.997451 -0.0667122 -0.0253151 0.844051 0.0668627 0.997749 0.00514639 0.0706425 0.0249147 -0.00682591 0.999666 43.3729
0.997718 -0.0662031 -0.0132373 0.472436 0.0662688 0.997791 0.00458419 0.0196172 0.0129046 -0.00545095 0.999902 44.812
0.998771 -0.0489384 -0.00790065 0.436734 0.0489168 0.998799 -0.00290601 0.151842 0.00803338 0.00251597 0.999965 45.2921
0.998997 -0.0446157 -0.0038099 0.462024 0.0446033 0.998999 -0.003278 0.11889 0.00395234 0.00310477 0.999987 46.522
0.999073 -0.0428489 0.00422624 0.364753 0.0428689 0.999069 -0.0047447 0.151766 -0.004019 0.00492148 0.99998 48.0259
0.99907 -0.0418964 0.0102319 0.414161 0.0419563 0.999103 -0.00570383 0.183639 -0.00998376 0.00612782 0.999931 49.3975
0.998911 -0.0422364 0.019823 0.394584 0.0423492 0.999089 -0.00530808 0.181746 -0.0195808 0.00614179 0.999789 50.6852
0.998521 -0.0457738 0.0293394 0.360892 0.0458715 0.998944 -0.0026635 0.0364481 -0.0291865 0.00400541 0.999566 51.4238
0.998277 -0.0427415 0.0401933 0.43372 0.04293 0.999071 -0.00383628 0.0725691 -0.039992 0.00555517 0.999185 52.733
0.997504 -0.0500271 0.0498213 0.640332 0.0503211 0.998722 -0.0046636 0.115932 -0.0495243 0.00715902 0.998747 54.1916
0.996798 -0.0471347 0.0645973 0.703574 0.0474068 0.998872 -0.00268541 0.0527085 -0.0643979 0.00573916 0.997908 55.0533
0.995521 -0.0497365 0.0803952 0.77836 0.0498956 0.998754 2.98824e-05 -0.0322633 -0.0802966 0.00398162 0.996763 56.0818
0.993836 -0.0533005 0.0972068 0.971413 0.0535346 0.998566 0.000200227 -0.0226733 -0.0970781 0.00500493 0.995264 57.3054
0.991756 -0.0565816 0.114971 1.14319 0.0570295 0.998372 -0.000607531 -0.0319941 -0.114749 0.00715926 0.993369 58.5123
0.989071 -0.056614 0.136134 1.29915 0.0572152 0.998362 -0.000504974 -0.0528715 -0.135883 0.00828841 0.99069 59.3107
0.986064 -0.0501764 0.158622 1.44548 0.05096 0.9987 -0.000874369 -0.0569971 -0.158372 0.00894555 0.987339 60.4772
0.98237 -0.0538056 0.179036 1.65796 0.0545195 0.998512 0.000934091 -0.0191178 -0.17882 0.00884333 0.983842 61.2657
0.977528 -0.0629013 0.2012 1.94756 0.0639388 0.997953 0.00134458 0.0373694 -0.200873 0.0115501 0.979549 62.7105
0.972309 -0.0658485 0.224231 2.23719 0.0670678 0.997746 0.00218264 0.0200627 -0.223869 0.0129165 0.974534 63.8372
0.964944 -0.0741249 0.251772 2.45187 0.0758717 0.997114 0.00277654 -0.00428595 -0.251252 0.0164232 0.967782 64.7614
0.95811 -0.0712683 0.277393 2.72535 0.0735458 0.997289 0.00219976 0.0987746 -0.276797 0.0182934 0.960754 65.1833
0.949526 -0.0747891 0.304643 3.18692 0.0767517 0.997035 0.0055462 0.140381 -0.304154 0.0181156 0.952451 66.3309
0.936884 -0.0787357 0.34066 3.42004 0.079864 0.996748 0.0107332 0.0963234 -0.340398 0.0171508 0.940125 67.5359
0.926934 -0.0806771 0.36645 3.84308 0.0816424 0.996578 0.0128911 0.0783638 -0.366236 0.0179686 0.930349 68.4237
0.913116 -0.0792753 0.399918 4.09791 0.0814034 0.996613 0.0116925 0.0726275 -0.39949 0.0218781 0.916476 69.1972
0.900875 -0.0739596 0.427731 4.60687 0.0811082 0.996704 0.00151369 0.244376 -0.426433 0.0333288 0.903905 70.0391
0.88715 -0.0702651 0.456101 5.12637 0.080844 0.99672 -0.00369699 0.357802 -0.454345 0.0401528 0.88992 70.8724
0.872121 -0.0719811 0.483967 5.72364 0.08023 0.99677 0.00367452 0.32088 -0.482668 0.0356241 0.875078 71.7626
0.858079 -0.0681956 0.50897 6.44143 0.0752771 0.99714 0.00669374 0.409488 -0.507971 0.03257 0.860758 72.6651
0.838689 -0.0672341 0.540444 6.9995 0.0727724 0.997286 0.0111356 0.437491 -0.539726 0.0299901 0.841306 73.489
0.817443 -0.0591947 0.57296 7.54421 0.0640388 0.997878 0.0117305 0.363162 -0.572439 0.0271027 0.819499 74.3137
0.795976 -0.0493345 0.603314 8.12551 0.0589102 0.998256 0.00390732 0.398906 -0.602454 0.0324312 0.797494 75.0598
0.774099 -0.0452619 0.631445 8.73683 0.0535506 0.998548 0.00592721 0.356281 -0.630796 0.029226 0.775398 75.7767
0.751767 -0.0501069 0.657522 9.33913 0.0556885 0.998371 0.0124109 0.28113 -0.657073 0.0272863 0.753333 76.3658
0.729422 -0.0498042 0.682248 10.026 0.0550598 0.998385 0.0140153 0.297956 -0.681844 0.0273413 0.730986 77.0325
0.703463 -0.0472007 0.709163 10.7139 0.0576729 0.998293 0.00923527 0.413209 -0.708388 0.0344028 0.704984 77.7638
0.676526 -0.0519748 0.734583 11.362 0.064798 0.997839 0.0109246 0.384504 -0.733563 0.0402087 0.678431 78.3616
0.651514 -0.0486268 0.757076 12.1706 0.0648862 0.997859 0.00825329 0.495817 -0.755856 0.0437467 0.653274 79.0028
0.623169 -0.0510778 0.780417 12.851 0.0643985 0.997828 0.0138844 0.329699 -0.779431 0.0416054 0.625105 79.5771
0.595695 -0.0448599 0.801957 13.6027 0.0622863 0.998013 0.00956043 0.34193 -0.800792 0.0442558 0.597305 80.0865
0.568931 -0.0346759 0.821654 14.3533 0.0636161 0.997973 -0.00193217 0.4023 -0.819921 0.0533697 0.569984 80.4498
0.537694 -0.0259976 0.842739 15.0731 0.0693403 0.997502 -0.0134694 0.540081 -0.840284 0.0656782 0.538154 80.9358
0.50643 -0.0208235 0.86203 15.7492 0.065998 0.997712 -0.0146718 0.555549 -0.859752 0.0643225 0.506645 81.3455
0.468238 -0.0173489 0.883432 16.5376 0.0587611 0.998205 -0.0115419 0.570625 -0.881646 0.0573158 0.468417 81.9099
0.437888 -0.0208614 0.898788 17.2764 0.0491377 0.998792 -0.000757234 0.454283 -0.897686 0.044496 0.438384 82.1756
0.402298 -0.0207997 0.915272 18.1275 0.0427592 0.999078 0.00390987 0.391233 -0.91451 0.0375634 0.402817 82.5973
0.371456 -0.021006 0.928213 18.9637 0.0315276 0.999453 0.0100013 0.257998 -0.927915 0.0255493 0.371915 82.7521
0.340588 -0.0167475 0.940063 19.9759 0.0271793 0.999599 0.00796099 0.338244 -0.93982 0.0228389 0.340907 83.0285
0.309723 -0.0171943 0.950671 20.9318 0.0186234 0.999754 0.0120147 0.334788 -0.950644 0.0139835 0.309968 83.1549
0.271727 -0.0204368 0.962157 21.8273 0.0118043 0.99977 0.017902 0.205497 -0.962302 0.00649316 0.271906 83.4156
0.233469 -0.0218228 0.972119 22.7907 0.0131408 0.999728 0.0192866 0.209843 -0.972276 0.00827164 0.233692 83.6664
0.191723 -0.0204468 0.981236 23.8305 0.0153058 0.999724 0.0178415 0.285615 -0.98133 0.011598 0.191983 84.015
0.15717 -0.0198455 0.987372 24.8239 0.0245714 0.999567 0.0161793 0.35493 -0.987266 0.0217182 0.15759 84.1703
0.128601 -0.0157007 0.991572 25.8228 0.0259533 0.999585 0.0124616 0.36428 -0.991357 0.024132 0.128955 84.131
0.095796 -0.00915513 0.995359 26.8411 0.0231568 0.999708 0.00696645 0.391394 -0.995132 0.022382 0.09598 84.2231
0.0615372 -0.000359679 0.998105 27.6094 0.0195623 0.999808 -0.000845806 0.515256 -0.997913 0.0195773 0.0615325 84.3781
0.0348801 -0.00337915 0.999386 28.5776 0.0186331 0.999823 0.0027303 0.504069 -0.999218 0.0185264 0.0349369 84.4007
0.0112251 -0.0099357 0.999888 29.5627 0.0150763 0.999839 0.00976596 0.349168 -0.999823 0.014965 0.0113731 84.4739
-0.00832521 -0.013389 0.999876 30.7173 0.0142398 0.999807 0.0135066 0.334575 -0.999864 0.0143505 -0.00813295 84.5032
-0.0337505 -0.0108967 0.999371 31.5094 0.0123846 0.999859 0.0113203 0.288972 -0.999354 0.0127589 -0.0336108 84.6676
-0.0434525 -0.0195503 0.998864 32.6706 0.0407901 0.99894 0.0213262 0.11892 -0.998222 0.0416705 -0.042609 84.4575
-0.0542561 -0.0158979 0.9984 33.7079 0.0453806 0.998801 0.0183704 0.101599 -0.997495 0.0463047 -0.0534696 84.3447
-0.0654136 -0.0133503 0.997769 34.7744 0.0495466 0.998634 0.0166102 0.0922317 -0.996627 0.0505226 -0.0646627 84.3722
-0.0659728 -0.0062867 0.997802 35.8795 0.0558476 0.998389 0.00998294 0.157691 -0.996257 0.0563834 -0.0655154 84.186
-0.0664078 0.00116254 0.997792 36.993 0.0545688 0.998507 0.00246844 0.227703 -0.996299 0.0546122 -0.0663721 84.0239
-0.0695978 0.00618333 0.997556 37.9398 0.0552889 0.998468 -0.00233156 0.25272 -0.996042 0.0549915 -0.069833 83.9288
-0.0721394 0.00862328 0.997357 38.9735 0.057412 0.998341 -0.00447914 0.231471 -0.995741 0.0569371 -0.0725148 83.869
-0.0768937 0.0152775 0.996922 39.9059 0.0521756 0.998574 -0.0112785 0.239102 -0.995673 0.0511477 -0.0775811 83.8074
-0.0705058 0.0116196 0.997444 40.8954 0.0509983 0.998666 -0.00802892 0.0590711 -0.996207 0.0503019 -0.0710043 83.4646
-0.0757236 0.0088582 0.997089 41.9782 0.0471353 0.998874 -0.00529439 -0.109043 -0.996014 0.0465972 -0.0760559 83.4852
-0.072376 0.00528804 0.997363 43.0153 0.0512362 0.998685 -0.00157697 -0.127046 -0.996061 0.050987 -0.0725518 83.2944
-0.0698282 0.0055225 0.997544 43.6468 0.0484406 0.998824 -0.00213874 -0.0872188 -0.996382 0.0481723 -0.0700135 82.9322
-0.0692397 0.0113679 0.997535 44.4817 0.0479664 0.998816 -0.00805315 0.0258018 -0.996446 0.0472906 -0.0697031 82.7
-0.0751145 0.0118482 0.997105 45.4147 0.0505662 0.998688 -0.00805771 -0.0810286 -0.995892 0.0498146 -0.0756151 82.7573
-0.076628 0.0120218 0.996987 46.5306 0.0448757 0.998956 -0.00859646 -0.0614711 -0.996049 0.0440817 -0.0770875 82.5997
-0.0800033 0.0166316 0.996656 47.4373 0.0348942 0.999295 -0.0138746 0.0535628 -0.996184 0.0336675 -0.0805272 82.5597
-0.0790917 0.0206853 0.996653 48.5745 0.0343598 0.999247 -0.0180124 0.0299505 -0.996275 0.0328202 -0.0797429 82.3587
-0.0838802 0.0233981 0.996201 49.6529 0.0319793 0.999273 -0.0207775 0.0259132 -0.995963 0.030115 -0.0845675 82.3273
-0.0854669 0.0253665 0.996018 50.7309 0.0241908 0.999434 -0.0233778 0.150701 -0.996047 0.0220965 -0.0860322 82.1865
-0.0889214 0.0211949 0.995813 51.7194 0.0181559 0.999642 -0.0196551 0.0990645 -0.995873 0.0163321 -0.0892743 82.103
-0.0905826 0.0195169 0.995698 52.7712 0.0218196 0.999607 -0.0176085 0.0705533 -0.99565 0.0201307 -0.0909728 81.9725
-0.084457 0.0280061 0.996033 54.368 0.019208 0.999465 -0.0264739 0.239154 -0.996242 0.0168959 -0.0849497 81.6116
-0.0845104 0.0308399 0.995945 55.0543 0.0170256 0.99942 -0.0295028 0.231721 -0.996277 0.0144633 -0.0849864 81.4734
-0.0936513 0.0316259 0.995103 55.8533 0.017095 0.999399 -0.0301536 0.140876 -0.995458 0.0141873 -0.0941357 81.5898
-0.105533 0.0274063 0.994038 56.6176 0.010668 0.999594 -0.0264269 -0.0397931 -0.994359 0.00781545 -0.105783 81.7588
-0.105894 0.0262175 0.994032 57.8086 0.00914902 0.999636 -0.0253907 -0.110462 -0.994335 0.0064057 -0.106095 81.6894
-0.102228 0.032412 0.994233 58.8281 -0.00218245 0.999459 -0.0328068 -0.00234433 -0.994759 -0.00552363 -0.102102 81.467
-0.104599 0.0404969 0.99369 59.8181 -0.00892681 0.999092 -0.0416568 0.117695 -0.994474 -0.0132278 -0.104143 81.4139
-0.104835 0.0445737 0.99349 60.9844 -0.0036139 0.998971 -0.0452009 0.129101 -0.994483 -0.00832901 -0.104566 81.2502
-0.104879 0.0458892 0.993426 61.9023 -0.00550375 0.998893 -0.0467228 0.169697 -0.99447 -0.0103678 -0.10451 81.1151
-0.103978 0.0406006 0.993751 63.0052 -0.00199362 0.999156 -0.04103 0.15993 -0.994578 -0.00624739 -0.10381 80.9546
-0.105706 0.0323344 0.993872 64.2239 -0.00330747 0.999454 -0.0328678 0.155726 -0.994392 -0.00676152 -0.105541 80.8254
-0.104889 0.0265438 0.99413 65.3233 -0.00143208 0.999639 -0.026842 0.115401 -0.994483 -0.00423909 -0.104813 80.687
-0.101296 0.0324041 0.994328 66.5152 0.0220155 0.999298 -0.0303233 0.094078 -0.994613 0.018819 -0.101938 80.4752
-0.101438 0.0380222 0.994115 67.4282 0.0262662 0.999023 -0.0355297 0.0385947 -0.994495 0.0225076 -0.102338 80.3573
-0.0996438 0.0436192 0.994067 68.3641 0.0254617 0.998823 -0.0412757 -0.038986 -0.994697 0.0211978 -0.100637 80.1904
-0.103272 0.0533654 0.993221 69.4334 0.0239751 0.998403 -0.051151 0.00573958 -0.994364 0.0185301 -0.104386 80.1609
-0.108567 0.0508381 0.992788 70.3424 0.00958989 0.998699 -0.0500921 0.00220687 -0.994043 0.00408241 -0.108913 80.227
-0.103487 0.0470588 0.993517 71.4963 0.00757996 0.998888 -0.0465237 -0.0398883 -0.994602 0.00271622 -0.103729 79.9767
-0.102406 0.0467036 0.993646 72.6946 0.00953835 0.998897 -0.0459674 -0.0946755 -0.994697 0.00477042 -0.102738 79.7936
-0.10488 0.0446352 0.993483 73.7306 -0.00242306 0.998978 -0.0451379 -0.144253 -0.994482 -0.00714134 -0.104665 79.7576
-0.105977 0.0469884 0.993258 74.5428 -0.00414073 0.998853 -0.0476949 -0.306299 -0.99436 -0.0091674 -0.105661 79.7067
-0.103997 0.0516983 0.993233 75.823 -0.0146132 0.998461 -0.0535005 -0.252592 -0.99447 -0.0200782 -0.103082 79.5245
-0.101403 0.0520291 0.993484 76.9225 -0.0159201 0.998419 -0.0539125 -0.248007 -0.994718 -0.0212833 -0.100414 79.3416
-0.0995872 0.0452683 0.993999 78.3055 -0.00820556 0.998893 -0.0463133 -0.309099 -0.994995 -0.0127685 -0.0991055 79.1386
-0.0962905 0.0455543 0.99431 79.5981 -0.0142949 0.998786 -0.0471437 -0.309956 -0.995251 -0.0187531 -0.0955224 78.8873
-0.0930785 0.0462535 0.994584 80.8874 -0.0101448 0.998824 -0.0474001 -0.44003 -0.995607 -0.0145018 -0.0924999 78.6957
-0.0968948 0.0516264 0.993955 82.0008 -0.0110333 0.998537 -0.0529399 -0.439111 -0.995233 -0.0160962 -0.0961834 78.7048
-0.101613 0.0509155 0.99352 83.0473 -0.0140685 0.998516 -0.0526104 -0.498405 -0.994725 -0.0193232 -0.100745 78.7304
-0.101141 0.0423554 0.99397 84.0767 -0.011258 0.998981 -0.0437145 -0.655825 -0.994808 -0.0156115 -0.100561 78.6121
-0.100364 0.0417383 0.994075 85.171 -0.00802383 0.999053 -0.0427574 -0.701431 -0.994918 -0.0122676 -0.0999342 78.5065
-0.102472 0.0431829 0.993798 86.3823 -0.0172488 0.99883 -0.0451801 -0.686961 -0.994586 -0.0217715 -0.101607 78.4146
-0.102236 0.0435276 0.993807 87.4969 -0.0143533 0.998874 -0.045226 -0.751427 -0.994657 -0.0188881 -0.101497 78.2945
-0.0978496 0.0434958 0.99425 88.8521 -0.0172253 0.998821 -0.045391 -0.774565 -0.995052 -0.0215677 -0.096985 77.9911
-0.104226 0.0391514 0.993783 89.9263 -0.0133437 0.99908 -0.0407596 -0.892778 -0.994464 -0.0175089 -0.103607 78.0771
-0.100692 0.035728 0.994276 90.9678 -0.0138559 0.999208 -0.0373085 -1.00738 -0.994821 -0.0175332 -0.100118 77.8618
-0.106914 0.0341091 0.993683 92.0515 -0.0156513 0.99923 -0.0359834 -1.06181 -0.994145 -0.0193995 -0.106298 77.8791
-0.108721 0.0354974 0.993438 93.2366 -0.0176385 0.999136 -0.0376313 -1.07129 -0.993916 -0.0216141 -0.108001 77.8149
-0.101803 0.0357139 0.994163 94.4023 -0.0195075 0.999092 -0.0378885 -1.13616 -0.994613 -0.0232508 -0.101014 77.5656
-0.0985367 0.0442501 0.994149 95.5575 -0.0195793 0.998731 -0.0463947 -1.13341 -0.994941 -0.0240363 -0.0975453 77.4223
-0.0970193 0.0405317 0.994457 96.6287 -0.0271016 0.998692 -0.0433484 -1.2392 -0.994913 -0.031157 -0.095794 77.2566
-0.0982775 0.0393257 0.994382 97.7468 -0.0338592 0.998508 -0.0428353 -1.28125 -0.994583 -0.0378788 -0.0967994 77.2487
-0.0882953 0.0445627 0.995097 98.9022 -0.0187704 0.998747 -0.0463916 -1.26218 -0.995917 -0.0227745 -0.0873482 76.9758
-0.0882324 0.036969 0.995414 99.9457 -0.0540916 0.997659 -0.041847 -1.49105 -0.99463 -0.0575358 -0.0860261 76.8436
-0.0891417 0.0350286 0.995403 101.402 -0.054773 0.997697 -0.0400144 -1.506 -0.994512 -0.0580881 -0.0870178 76.791
-0.0911682 0.0430747 0.994903 102.688 -0.0667027 0.996556 -0.0492586 -1.48515 -0.993599 -0.0708536 -0.087981 76.713
-0.0932231 0.0431497 0.99471 104.08 -0.0675352 0.996485 -0.049556 -1.52425 -0.993352 -0.0717977 -0.0899814 76.6279
-0.0952422 0.0422238 0.994558 105.431 -0.0693255 0.996393 -0.0489405 -1.605 -0.993037 -0.0736095 -0.0919714 76.5193
-0.0939427 0.0401751 0.994767 106.592 -0.0695083 0.996483 -0.0468086 -1.69581 -0.993148 -0.0735419 -0.0908198 76.3297
-0.0980926 0.032667 0.994641 107.881 -0.0780705 0.996128 -0.0404153 -1.78093 -0.99211 -0.0816165 -0.0951625 76.2548
-0.0988495 0.0375455 0.994394 108.994 -0.068566 0.996656 -0.0444468 -1.72793 -0.992737 -0.0725751 -0.0959446 76.1304
-0.104118 0.048045 0.993404 110.212 -0.0687332 0.996097 -0.0553791 -1.68263 -0.992187 -0.0740458 -0.100409 75.9995
-0.111517 0.0522926 0.992386 111.43 -0.0644927 0.996129 -0.0597371 -1.73221 -0.991668 -0.0706633 -0.107713 75.8415
-0.121306 0.0491718 0.991396 112.601 -0.0575265 0.996745 -0.0564759 -1.81637 -0.990947 -0.0638824 -0.118082 75.7112
-0.13278 0.0470041 0.99003 113.91 -0.0575181 0.996826 -0.0550409 -1.86917 -0.989475 -0.064253 -0.129655 75.5428
-0.144173 0.0468823 0.988441 114.955 -0.0578892 0.996767 -0.0557209 -1.97619 -0.987858 -0.0652535 -0.140993 75.3223
-0.157279 0.0530339 0.986129 116.075 -0.0436059 0.99721 -0.0605846 -1.97286 -0.986591 -0.0525298 -0.154528 75.086
-0.169208 0.0498133 0.984321 117.166 -0.0463903 0.997212 -0.0584403 -2.04267 -0.984488 -0.0555516 -0.166426 74.7787
-0.18397 0.0563212 0.981317 118.444 -0.0386673 0.99717 -0.0644801 -2.01148 -0.982171 -0.0498073 -0.181271 74.4893
-0.190187 0.0740139 0.978954 119.351 -0.0177986 0.99673 -0.0788157 -1.77341 -0.981587 -0.0324137 -0.188247 74.0245
-0.206066 0.0767553 0.975523 120.488 -0.0212535 0.996333 -0.0828821 -1.85815 -0.978307 -0.0378124 -0.203679 73.7944
-0.217739 0.078662 0.972832 121.293 -0.0254599 0.99595 -0.0862298 -1.765 -0.975675 -0.0435438 -0.214855 73.4028
-0.232078 0.0750245 0.969799 122.098 -0.0245341 0.996252 -0.0829421 -1.82715 -0.972388 -0.0430422 -0.229368 73.1546
-0.245594 0.0717026 0.966717 123.238 -0.0309975 0.99617 -0.0817621 -1.85831 -0.968877 -0.0500461 -0.242431 72.7628
-0.257458 0.0732381 0.96351 124.057 -0.033705 0.995836 -0.0847015 -1.93862 -0.965701 -0.0542822 -0.253918 72.4031
-0.271999 0.0768145 0.959227 125.227 -0.0311784 0.995582 -0.0885668 -2.03873 -0.961792 -0.0539973 -0.268403 72.1027
-0.289151 0.0796267 0.953966 126.115 -0.022963 0.995671 -0.090068 -2.20613 -0.957008 -0.0479491 -0.28607 72.0464
-0.304501 0.0809509 0.949066 127.285 -0.012699 0.995949 -0.0890242 -2.44712 -0.952427 -0.0391601 -0.30224 71.7728
-0.319589 0.0772068 0.944405 128.634 -0.0224045 0.995781 -0.0889885 -2.51586 -0.947291 -0.0495987 -0.316511 71.2772
-0.336744 0.0741582 0.938671 129.979 -0.0377323 0.99503 -0.092147 -2.52066 -0.94084 -0.0664482 -0.332273 70.7054
-0.351897 0.0762386 0.932929 131.057 -0.0324076 0.995088 -0.0935422 -2.71184 -0.935478 -0.0631512 -0.347697 70.3141
-0.36673 0.0803518 0.926851 132.055 -0.0354314 0.994334 -0.100221 -2.74792 -0.929653 -0.0695938 -0.361805 69.9281
-0.374551 0.0912474 0.922705 133.217 -0.0219096 0.993997 -0.107191 -2.79234 -0.926947 -0.0603647 -0.370304 69.2716
-0.384404 0.0955632 0.918205 134.345 -0.0144627 0.993882 -0.109494 -2.94599 -0.923052 -0.0553697 -0.38067 68.6502
-0.399192 0.100311 0.911363 135.25 -0.00733315 0.993616 -0.112576 -3.12128 -0.916838 -0.0516227 -0.395908 68.2658
-0.417363 0.0961018 0.903644 136.247 -0.0125928 0.993685 -0.111494 -3.34676 -0.908653 -0.0579128 -0.413517 67.8447
-0.432178 0.0933738 0.896941 137.254 -0.0102155 0.994054 -0.108406 -3.50399 -0.90173 -0.0560132 -0.428655 67.3353
-0.44435 0.0839215 0.891914 138.048 -0.0159975 0.994701 -0.101563 -3.72617 -0.89571 -0.0593978 -0.440653 66.7936
-0.463625 0.0882122 0.88163 139.248 -0.0100045 0.994447 -0.104761 -3.81857 -0.885975 -0.0573902 -0.460168 66.3205
-0.477361 0.0776751 0.875267 140.087 -0.013838 0.995297 -0.0958741 -4.13648 -0.878598 -0.0578785 -0.474041 65.7712
-0.491662 0.0676053 0.868158 140.867 -0.0225776 0.995657 -0.0903202 -4.36995 -0.870493 -0.0640079 -0.488 65.189
-0.502625 0.0629614 0.862209 141.748 -0.0255326 0.995828 -0.087603 -4.59178 -0.864127 -0.066046 -0.498921 64.4875
-0.520373 0.0633052 0.851589 142.664 -0.0319303 0.995109 -0.0934854 -4.60121 -0.853342 -0.0758388 -0.515807 63.9502
-0.535252 0.0627643 0.842357 143.789 -0.0319088 0.995021 -0.0944149 -4.64953 -0.844089 -0.0774144 -0.530585 63.1966
-0.551518 0.058007 0.832144 144.868 -0.0302301 0.995534 -0.0894321 -4.79122 -0.833615 -0.0744791 -0.547301 62.5218
-0.562388 0.0556 0.825002 145.837 -0.0301847 0.995691 -0.0876797 -4.92029 -0.826322 -0.0742124 -0.558287 61.6915
-0.580848 0.051517 0.81238 146.985 -0.033506 0.995636 -0.0870949 -5.05873 -0.813322 -0.0778085 -0.576588 60.9424
-0.596168 0.0532791 0.80109 148.061 -0.0343436 0.99519 -0.0917469 -5.16085 -0.802125 -0.0822089 -0.591471 60.1537
-0.612102 0.0536615 0.788956 149.157 -0.039582 0.994365 -0.0983418 -5.19624 -0.789788 -0.0914237 -0.606529 59.3754
-0.62783 0.0525768 0.776573 150.3 -0.0413523 0.994054 -0.100733 -5.2822 -0.777252 -0.0953561 -0.621922 58.4815
-0.646991 0.0447504 0.761184 151.28 -0.0443251 0.994381 -0.0961357 -5.41852 -0.761209 -0.0959385 -0.641371 57.6917
-0.668121 0.0420164 0.742865 152.243 -0.0482265 0.993859 -0.0995868 -5.45659 -0.742488 -0.102362 -0.661993 56.9316
-0.688183 0.0295748 0.724934 153.21 -0.0613156 0.993224 -0.0987272 -5.55897 -0.722942 -0.112392 -0.681706 56.0871
-0.709201 0.0357379 0.7041 153.953 -0.0488929 0.993817 -0.0996902 -5.78172 -0.703309 -0.105126 -0.703068 55.5764
-0.730888 0.0420223 0.681203 154.813 -0.0343983 0.994566 -0.0982605 -5.99485 -0.68163 -0.0952496 -0.725471 54.9193
-0.747425 0.0460148 0.66275 155.592 -0.0264548 0.994746 -0.0989 -6.19816 -0.663819 -0.0914533 -0.742281 54.0794
-0.761148 0.0448752 0.647024 156.4 -0.0256708 0.994737 -0.09919 -6.28491 -0.648071 -0.0921078 -0.75599 52.9757
-0.775927 0.0442745 0.629267 157.129 -0.0238995 0.994755 -0.0994594 -6.37581 -0.630369 -0.0922124 -0.770799 51.9083
-0.788313 0.0423128 0.613818 157.906 -0.0269626 0.994298 -0.103168 -6.48419 -0.614683 -0.097879 -0.782678 50.6699
-0.80293 0.0496936 0.593998 158.612 -0.0188344 0.993906 -0.108609 -6.63304 -0.595776 -0.098393 -0.797101 49.9514
-0.814459 0.055752 0.577536 159.357 -0.010498 0.993794 -0.11074 -6.77748 -0.580126 -0.0962561 -0.808819 48.6699
-0.827846 0.0537786 0.558372 160.134 -0.00760335 0.994227 -0.10703 -6.9545 -0.560905 -0.0928497 -0.822657 47.6271
-0.83918 0.0570841 0.540849 160.8 -0.00191601 0.99416 -0.107902 -7.16396 -0.54385 -0.0915854 -0.83417 46.6604
-0.849378 0.0618638 0.524147 161.446 0.00399487 0.993832 -0.110826 -7.2976 -0.52777 -0.0920393 -0.844386 45.7943
-0.85987 0.0600894 0.506964 162.243 0.00556121 0.994092 -0.108395 -7.62353 -0.510482 -0.0903865 -0.855125 44.5367
-0.870439 0.0520249 0.489519 163.167 -0.00164208 0.994088 -0.108569 -7.79198 -0.492273 -0.0953067 -0.865208 43.1028
-0.87788 0.0524472 0.476001 163.621 -1.14003e-05 0.993982 -0.109541 -7.88896 -0.478881 -0.0961693 -0.872596 42.1346
-0.887302 0.0500199 0.458468 164.253 -0.00163787 0.993753 -0.11159 -7.90293 -0.461186 -0.0997653 -0.881677 41.2166
-0.894049 0.0486803 0.445317 164.861 -0.00097821 0.993864 -0.110609 -8.03812 -0.447969 -0.0993254 -0.888515 40.0109
-0.904733 0.0357681 0.424474 165.558 -0.00789156 0.99489 -0.100654 -8.30962 -0.425905 -0.094415 -0.899828 39.0562
-0.911177 0.0346689 0.410554 166.149 -0.00662554 0.995092 -0.0987345 -8.4127 -0.411961 -0.0926848 -0.906475 37.8975
-0.912646 0.044131 0.406362 166.496 0.00795485 0.995884 -0.0902874 -8.56726 -0.408674 -0.0791679 -0.90924 36.6571
-0.914692 0.0490483 0.401165 166.946 0.0118373 0.995434 -0.0947162 -8.64526 -0.403979 -0.0818875 -0.911096 35.4821
-0.918583 0.0487404 0.392212 167.477 0.0131492 0.995586 -0.0929259 -8.79268 -0.39501 -0.0802029 -0.915169 34.3322
-0.921002 0.0491108 0.386449 168 0.0126618 0.995271 -0.0963052 -8.88357 -0.389352 -0.0838041 -0.917269 33.0402
-0.925574 0.0443859 0.375957 168.589 0.0101627 0.995658 -0.092529 -9.04496 -0.378431 -0.0818216 -0.922006 31.9034
-0.932996 0.036808 0.357999 169.202 0.00366868 0.995677 -0.0928102 -9.13019 -0.359868 -0.0852782 -0.929098 30.931
-0.936207 0.0298324 0.350179 169.611 -0.00321511 0.995622 -0.0934143 -9.22848 -0.351433 -0.088581 -0.932013 29.8584
-0.93771 0.0251368 0.346509 170.066 -0.00907497 0.995267 -0.0967579 -9.29908 -0.347301 -0.0938754 -0.933043 28.644
-0.937801 0.0251922 0.346258 170.428 -0.0118469 0.994461 -0.104439 -9.35504 -0.346971 -0.102045 -0.932308 27.4653
-0.937978 0.0239534 0.345867 170.824 -0.0144446 0.994044 -0.108017 -9.49794 -0.346394 -0.106313 -0.932045 26.1253
-0.937984 0.0275912 0.345579 171.216 -0.0109242 0.993981 -0.109011 -9.6673 -0.346506 -0.106026 -0.932037 25.0302
-0.937752 0.0271164 0.346244 171.627 -0.0119966 0.993823 -0.110323 -9.83644 -0.347097 -0.10761 -0.931635 23.8568
-0.936963 0.0260592 0.348455 172.021 -0.0133099 0.99383 -0.110113 -10.0104 -0.349174 -0.107809 -0.930835 22.7415
-0.935347 0.0278506 0.352632 172.42 -0.0118244 0.993877 -0.10986 -10.1876 -0.353533 -0.106927 -0.929291 21.5057
-0.934792 0.0300752 0.353921 172.817 -0.00965925 0.993888 -0.10997 -10.2581 -0.355065 -0.106218 -0.928788 20.5244
-0.936423 0.0290612 0.349667 173.313 -0.0109471 0.993659 -0.111901 -10.3984 -0.350702 -0.108614 -0.930167 19.5135
-0.93249 0.0390263 0.359082 173.704 -0.00254472 0.993411 -0.114576 -10.4112 -0.361187 -0.107755 -0.926247 18.2129
-0.932692 0.0363944 0.358834 174.21 -0.00679152 0.992947 -0.118361 -10.4953 -0.360611 -0.112832 -0.925867 17.1271
-0.930557 0.0336129 0.3646 174.685 -0.0107888 0.992828 -0.119066 -10.5894 -0.365988 -0.114731 -0.92352 15.8823
-0.92782 0.0340835 0.371468 175.129 -0.0111843 0.992828 -0.119031 -10.6914 -0.37286 -0.114594 -0.920784 14.7663
-0.928017 0.0346906 0.370919 175.621 -0.0129706 0.992043 -0.125233 -10.7201 -0.372312 -0.12103 -0.920182 13.8452
-0.92284 0.0279523 0.384168 176.039 -0.0227005 0.991683 -0.126686 -10.8822 -0.384514 -0.125632 -0.91453 12.7554
-0.92029 0.0321295 0.389915 176.54 -0.0214147 0.990991 -0.132203 -10.995 -0.39065 -0.130015 -0.911312 11.6775
-0.921985 0.0354349 0.3856 177.058 -0.0144109 0.991974 -0.125615 -11.235 -0.386957 -0.121372 -0.914075 11.0998
-0.91584 0.0299559 0.400425 177.557 -0.0236312 0.991464 -0.12822 -11.3813 -0.400848 -0.126892 -0.907314 9.89079
-0.90919 0.0346094 0.41494 178.041 -0.0203906 0.991643 -0.12739 -11.5679 -0.415881 -0.124282 -0.900887 8.78679
-0.901572 0.0421222 0.430574 178.603 -0.0142269 0.991824 -0.126818 -11.7378 -0.432395 -0.120461 -0.893602 7.51665
-0.892549 0.0435502 0.448843 179.219 -0.01833 0.990999 -0.132605 -11.7957 -0.450578 -0.126584 -0.883717 6.11964
-0.884802 0.0476632 0.463524 179.69 -0.0147982 0.991379 -0.130189 -11.987 -0.465733 -0.122051 -0.876468 5.05531
-0.879764 0.0459292 0.473186 180.234 -0.0173942 0.991546 -0.128583 -12.1696 -0.475091 -0.121354 -0.871528 4.19952
-0.872116 0.052275 0.486498 180.7 -0.00989755 0.992188 -0.124355 -12.2558 -0.489199 -0.113267 -0.864786 3.27949
-0.865185 0.0516357 0.498787 181.321 -0.0100049 0.992709 -0.120122 -12.4491 -0.501353 -0.108918 -0.85836 2.26212
-0.856047 0.0554733 0.513913 181.948 -0.0056717 0.993157 -0.116652 -12.6418 -0.516867 -0.102774 -0.849874 1.17882
-0.845613 0.0293769 0.532988 182.256 -0.035326 0.993216 -0.11079 -13.1778 -0.532627 -0.112514 -0.838838 0.169752
-0.840094 0.0329976 0.541437 183.127 -0.0322646 0.993341 -0.1106 -13.3131 -0.541481 -0.110384 -0.833435 -0.708097
-0.827571 0.0331947 0.560379 183.687 -0.0326229 0.993719 -0.107042 -13.5178 -0.560413 -0.106866 -0.82129 -1.7321
-0.817347 0.0377685 0.574906 184.538 -0.0303504 0.993641 -0.108427 -13.6071 -0.575345 -0.106071 -0.811003 -2.75611
-0.820643 0.0342768 0.570412 185.476 -0.0320494 0.993867 -0.105832 -13.8041 -0.570542 -0.105131 -0.814512 -3.34018
-0.807656 0.0446501 0.587961 186.239 -0.0217643 0.994192 -0.105396 -13.8696 -0.589252 -0.0979204 -0.801994 -4.32752
-0.796412 0.0390993 0.603489 187.09 -0.0317488 0.993828 -0.106287 -14.0042 -0.60392 -0.103808 -0.790256 -5.38732
-0.782819 0.0298141 0.621535 187.543 -0.0384705 0.994622 -0.0961637 -14.2823 -0.62106 -0.0991895 -0.777461 -6.04002
-0.765148 0.0406148 0.642572 188.279 -0.0282729 0.994926 -0.096552 -14.355 -0.643234 -0.0920439 -0.760117 -6.93955
-0.751328 0.0331295 0.659096 188.835 -0.036688 0.995098 -0.0918406 -14.545 -0.658908 -0.0931834 -0.74643 -7.57342
-0.737161 0.0254506 0.675237 189.474 -0.0471 0.994925 -0.0889195 -14.7512 -0.674073 -0.0973517 -0.732221 -8.20028
-0.717837 0.0256061 0.69574 190.283 -0.0501842 0.994821 -0.0883915 -14.8438 -0.6944 -0.0983659 -0.712834 -9.0809
-0.695691 0.0263716 0.717857 191.074 -0.0511993 0.994964 -0.0861699 -14.9382 -0.716515 -0.0967013 -0.690837 -9.93356
-0.673493 0.0268876 0.738705 191.913 -0.0565527 0.994535 -0.0877597 -15.0227 -0.737028 -0.100881 -0.668291 -10.7263
-0.65322 0.0277157 0.75666 192.779 -0.0591945 0.994402 -0.0875261 -15.118 -0.75485 -0.101964 -0.647923 -11.4628
-0.633607 0.0243236 0.773273 193.664 -0.073943 0.993026 -0.0918237 -15.1915 -0.770114 -0.115358 -0.62739 -12.1417
-0.612981 0.0239034 0.789736 194.48 -0.0736661 0.993459 -0.0872482 -15.2803 -0.786656 -0.111658 -0.607211 -12.7292
-0.586183 0.0260851 0.809759 195.41 -0.0671701 0.994476 -0.0806597 -15.4327 -0.80739 -0.101673 -0.581192 -13.428
-0.56273 0.0318434 0.826028 196.407 -0.0825622 0.992096 -0.0944907 -15.2979 -0.822508 -0.121371 -0.555653 -14.1507
-0.538203 0.0336386 0.842143 197.318 -0.0862613 0.991757 -0.0947434 -15.3495 -0.838389 -0.123636 -0.530865 -14.6893
-0.510506 0.0329828 0.859241 198.308 -0.0916793 0.99148 -0.0925289 -15.4484 -0.854973 -0.126011 -0.503133 -15.3055
-0.484641 0.0337742 0.874061 199.351 -0.102114 0.990237 -0.0948826 -15.4299 -0.868732 -0.135238 -0.476461 -15.8513
-0.453707 0.0331369 0.890534 200.366 -0.0985155 0.991318 -0.0870785 -15.6094 -0.885689 -0.12724 -0.446504 -16.3603
-0.424207 0.0410572 0.904634 201.393 -0.114768 0.988479 -0.0986805 -15.5694 -0.898263 -0.145684 -0.414607 -16.8527
-0.398773 0.0347001 0.916393 200.91 -0.101792 0.991434 -0.0818371 -15.8838 -0.911383 -0.125916 -0.391825 -16.9316
-0.368833 0.0356236 0.928813 201.87 -0.100871 0.99183 -0.0780964 -15.9343 -0.924006 -0.122494 -0.362226 -17.2741
-0.337542 0.0388579 0.940508 202.831 -0.10334 0.991579 -0.0780558 -15.8869 -0.935621 -0.123539 -0.330684 -17.5998
-0.303976 0.0397092 0.951852 203.9 -0.101954 0.992037 -0.0739448 -15.8592 -0.947208 -0.119522 -0.297507 -17.9188
-0.272389 0.0388849 0.961401 204.855 -0.109246 0.991472 -0.0710534 -15.9391 -0.955965 -0.124384 -0.265818 -18.169
-0.231993 0.0348891 0.972091 206.13 -0.102771 0.992884 -0.060162 -16.1167 -0.967273 -0.11386 -0.226757 -18.5813
-0.194481 0.0286983 0.980486 207.108 -0.0901627 0.994817 -0.0470017 -16.2843 -0.976754 -0.0975443 -0.190885 -18.8114
-0.159873 0.0288117 0.986717 208.154 -0.0917242 0.994816 -0.0439098 -16.3431 -0.982867 -0.0975258 -0.156401 -18.9695
-0.137789 0.0280658 0.990064 208.238 -0.0954914 0.994566 -0.0414832 -16.3808 -0.985848 -0.100259 -0.13436 -18.7552
-0.104102 0.0257389 0.994234 209.119 -0.0863543 0.995656 -0.0348175 -16.3771 -0.990811 -0.0894809 -0.101427 -18.8212
-0.0713377 0.0258219 0.997118 209.957 -0.0855317 0.995824 -0.0319077 -16.3689 -0.993778 -0.0875614 -0.0688313 -18.8853
-0.0298039 0.0299493 0.999107 211.528 -0.0877326 0.995615 -0.0324617 -16.3879 -0.995698 -0.0886217 -0.0270457 -19.0275
0.00142218 0.0311463 0.999514 212.376 -0.0897507 0.995485 -0.0308931 -16.3927 -0.995963 -0.0896631 0.00421117 -18.9997
0.0302777 0.0220709 0.999298 213.41 -0.0844181 0.996241 -0.0194456 -16.6818 -0.99597 -0.08377 0.0320271 -18.7705
0.0700894 0.00648602 0.99752 214.573 -0.0631854 0.998 -0.0020495 -16.912 -0.995538 -0.062885 0.070359 -18.7767
0.103325 0.00667032 0.994625 215.88 -0.0626576 0.998035 -0.000184138 -16.9299 -0.992672 -0.0623018 0.10354 -18.7047
0.122965 0.00384338 0.992404 216.164 -0.060418 0.998167 0.00362045 -16.9775 -0.99057 -0.0604042 0.122972 -18.4854
0.157306 0.00559663 0.987534 217.492 -0.0522421 0.998631 0.00266223 -16.8594 -0.986167 -0.0520096 0.157383 -18.3491
0.186582 0.00606319 0.982421 218.562 -0.0362032 0.999344 0.000708102 -16.7376 -0.981772 -0.0356989 0.186679 -18.0988
0.210724 0.01244 0.977466 219.255 -0.0360057 0.999339 -0.00495619 -16.5232 -0.976882 -0.03415 0.211033 -17.7904
0.240223 0.0164007 0.970579 220.38 -0.0438234 0.999021 -0.00603483 -16.4996 -0.969728 -0.0410844 0.240707 -17.5362
0.272299 0.0143179 0.962106 221.373 -0.0449739 0.998986 -0.0021381 -16.6453 -0.961161 -0.0426874 0.272667 -17.3277
0.295172 0.0144485 0.955335 222.03 -0.0437394 0.999042 -0.00159524 -16.6531 -0.954442 -0.0413149 0.295521 -16.9682
0.323967 0.00429874 0.946058 223.475 -0.0328399 0.999438 0.00670438 -16.8065 -0.945498 -0.0332405 0.323926 -16.3471
0.359172 0.00507859 0.933258 224.988 -0.0323269 0.999453 0.00700243 -16.7576 -0.932712 -0.0326844 0.359139 -15.9531
0.38949 0.00774906 0.920998 226.169 -0.0316842 0.999485 0.00498978 -16.7552 -0.920486 -0.0311245 0.389535 -15.4999
0.415669 -0.000341416 0.909516 227.105 -0.0319444 0.999377 0.0149744 -17.1379 -0.908955 -0.0352783 0.415399 -14.9975
0.43153 0.000416066 0.902099 228.018 -0.0259071 0.999593 0.011932 -16.9712 -0.901727 -0.0285198 0.431365 -14.0805
0.456542 0.00166296 0.8897 229.105 -0.0141644 0.999885 0.00539944 -16.6941 -0.889589 -0.0150672 0.456513 -13.3172
0.483793 0.00527913 0.875167 230.068 -0.0207034 0.999771 0.0054141 -16.5834 -0.874938 -0.0207382 0.483791 -12.852
0.508395 0.00443158 0.861113 231.058 -0.0199209 0.99978 0.00661595 -16.6208 -0.860894 -0.0205177 0.508371 -12.2138
0.528351 0.0020485 0.849023 232.041 -0.0173986 0.999813 0.00841493 -16.6414 -0.848848 -0.0192179 0.528288 -11.3802
0.549649 0.000517111 0.835396 233.053 -0.0153811 0.999837 0.00950112 -16.628 -0.835254 -0.0180716 0.549567 -10.7593
0.572139 -0.0070582 0.820126 234.244 -0.0127561 0.999765 0.0175031 -16.7906 -0.820058 -0.0204758 0.571915 -10.0436
0.589431 -0.0127083 0.807719 235.024 -0.00724076 0.999753 0.0210136 -16.796 -0.807786 -0.0182346 0.589193 -9.43982
0.60646 -0.0159074 0.794955 235.956 -0.00466568 0.999711 0.0235641 -16.784 -0.7951 -0.0179997 0.606211 -8.7202
0.625752 -0.0152482 0.779873 237.05 -0.000764221 0.999796 0.0201614 -16.6804 -0.780022 -0.013212 0.625613 -7.96948
0.641929 -0.010972 0.766685 237.978 -0.00493046 0.999818 0.0184365 -16.621 -0.766748 -0.015615 0.641758 -7.20006
0.659232 -0.011048 0.751858 238.943 -0.00471765 0.999812 0.018828 -16.6115 -0.751925 -0.015959 0.659056 -6.40404
0.674544 -0.0155841 0.73807 239.744 0.000147346 0.99978 0.0209753 -16.568 -0.738235 -0.01404 0.674398 -5.6576
0.684558 -0.0239626 0.728565 240.349 0.00635832 0.999618 0.0269033 -16.6568 -0.728931 -0.0137844 0.684448 -4.68422
0.699387 -0.0258211 0.714277 241.141 0.00994039 0.999602 0.0264024 -16.5419 -0.714674 -0.0113653 0.699365 -4.01659
0.709257 -0.0304347 0.704293 241.732 0.013845 0.999476 0.0292479 -16.6824 -0.704814 -0.0109933 0.709307 -3.01363
0.724523 -0.0228116 0.688873 242.617 0.00806074 0.999664 0.0246254 -16.6984 -0.689204 -0.0122888 0.724463 -2.23762
0.735774 -0.0225458 0.676851 243.572 0.00830871 0.999671 0.0242669 -16.6413 -0.677176 -0.0122312 0.73572 -0.688422
0.747526 -0.0285524 0.663618 244.438 0.0144572 0.999538 0.0267203 -16.5807 -0.664075 -0.01038 0.747594 0.36263
0.761037 -0.0435827 0.647243 245.4 0.0280731 0.999019 0.034261 -16.6024 -0.6481 -0.00790381 0.761514 1.39026
0.771109 -0.0445654 0.635141 246.16 0.031635 0.998997 0.0316885 -16.5224 -0.635916 -0.00434267 0.771746 2.35805
0.781902 -0.0439482 0.621851 247.029 0.0332235 0.999032 0.0288302 -16.5241 -0.622516 -0.00188235 0.782605 3.23601
0.791904 -0.0456352 0.608937 247.88 0.0358914 0.998958 0.0281885 -16.4475 -0.609589 -0.00046697 0.792717 4.26865
0.801392 -0.0529866 0.595787 248.623 0.0438277 0.998593 0.0298577 -16.442 -0.596531 0.00218426 0.802587 5.04668
0.807908 -0.0554172 0.586697 249.437 0.0475816 0.998452 0.0287881 -16.3442 -0.587384 0.00465788 0.809295 6.42731
0.810393 -0.0577618 0.583033 250.228 0.0494209 0.998321 0.030212 -16.2889 -0.583799 0.00433041 0.811887 8.0733
0.811576 -0.08244 0.578402 250.863 0.08011 0.996346 0.0296048 -16.1308 -0.578729 0.0223091 0.815215 8.75309
0.809121 -0.0967558 0.579622 251.602 0.10022 0.994622 0.0261295 -15.9393 -0.579033 0.036948 0.814466 10.1329
0.804297 -0.078602 0.589006 252.306 0.0811027 0.996458 0.0222289 -15.9075 -0.588667 0.0298914 0.807823 11.7908
0.808457 -0.0612133 0.585363 253.049 0.0611035 0.997932 0.0199656 -16.0075 -0.585375 0.0196264 0.810525 12.5333
0.811456 -0.0561937 0.581706 253.844 0.0538888 0.99832 0.0212666 -16.038 -0.581924 0.0140906 0.813121 13.5236
0.814419 -0.0480016 0.578289 254.809 0.041474 0.998839 0.024501 -16.1536 -0.578794 0.00402989 0.815464 14.9122
0.817806 -0.0478753 0.573499 255.71 0.0413279 0.998846 0.0244496 -16.1548 -0.574008 0.0037065 0.818841 16.0522
0.820044 -0.0575171 0.569403 256.574 0.0475692 0.998344 0.0323375 -16.2255 -0.570321 0.000567907 0.821422 17.1883
0.822408 -0.0652006 0.56515 257.443 0.0565854 0.99786 0.0327785 -16.167 -0.566078 0.00502199 0.824337 18.3457
0.825678 -0.0686321 0.559952 258.313 0.0572533 0.997642 0.0378559 -16.267 -0.56123 0.000802301 0.82766 19.5197
0.826525 -0.0672042 0.558874 259.142 0.0520284 0.997718 0.0430295 -16.291 -0.560491 -0.00648757 0.828135 20.7437
0.829033 -0.0663123 0.555253 259.986 0.0511027 0.997773 0.0428612 -16.2706 -0.556859 -0.00715842 0.830576 21.7934
0.831964 -0.0802454 0.548997 260.843 0.0678242 0.996774 0.0429132 -16.2158 -0.550669 0.00153303 0.834722 22.5882
0.833411 -0.0723509 0.547897 261.314 0.0583168 0.997372 0.0429987 -16.2681 -0.549568 -0.00388402 0.83544 23.1125
0.83662 -0.0754344 0.542565 262.289 0.0587836 0.997117 0.0479894 -16.3685 -0.544621 -0.00825492 0.838642 23.8048
0.835002 -0.0741904 0.545223 262.834 0.0571918 0.997204 0.0481045 -16.3963 -0.547267 -0.00898504 0.83691 24.9894
0.83385 -0.0647608 0.548179 263.386 0.048385 0.997847 0.044284 -16.3072 -0.549867 -0.0104026 0.835188 26.0196
