0.999977 0.00396549 0.00549517 -0.0577121 -0.00390954 0.999941 -0.010155 0.0231341 -0.00553512 0.0101333 0.999933 0.854535
0.999849 0.0155394 0.00780249 -0.174747 -0.0154428 0.999805 -0.0122937 0.00180262 -0.00799201 0.0121713 0.999894 1.56428
0.999685 0.0166514 0.0187671 -0.187161 -0.016564 0.999851 -0.00480534 -0.0224224 -0.0188443 0.00449297 0.999812 2.5857
0.999652 -0.0196228 0.0176162 -0.104199 0.0196042 0.999807 0.00122736 -0.117 -0.0176369 -0.000881578 0.999844 3.61184
0.99959 -0.02463 0.0145961 -0.0665643 0.0246136 0.999696 0.00130659 -0.144248 -0.0146238 -0.000946795 0.999893 4.47309
0.999127 -0.0402442 0.0112099 0.0156279 0.0402696 0.999187 -0.00204357 -0.17473 -0.0111186 0.0024932 0.999935 5.44818
0.999288 -0.0365561 0.00930902 0.105221 0.0366145 0.99931 -0.00618386 -0.146984 -0.00907655 0.0065203 0.999938 6.51922
0.999361 -0.0349751 0.00732045 0.123532 0.0350225 0.999366 -0.00644575 -0.160715 -0.00709037 0.00669801 0.999952 7.42732
0.99994 -0.00310123 0.0105104 0.089175 0.00316737 0.999975 -0.00628142 -0.078507 -0.0104907 0.00631433 0.999925 8.35069
0.999946 -0.00267781 0.0100678 0.0728351 0.00268218 0.999996 -0.000420977 -0.172161 -0.0100666 0.000447957 0.999949 9.22572
0.999942 0.003293 0.0102855 0.00652331 -0.00328585 0.999994 -0.000711956 -0.201455 -0.0102878 0.000678118 0.999947 9.816
0.999969 -0.00052355 0.00789369 0.0629436 0.000523877 1 -3.93266e-05 -0.201769 -0.00789367 4.34607e-05 0.999969 10.7561
0.999985 -0.000575922 0.00536196 0.143068 0.000573716 1 0.000412884 -0.220569 -0.00536219 -0.000409802 0.999986 11.5193
0.999922 -0.0122172 0.00263999 0.157107 0.0122098 0.999922 0.00280922 -0.343105 -0.00267411 -0.00277676 0.999993 12.2311
0.999913 -0.0124839 0.00434342 0.0980065 0.0124818 0.999922 0.000519143 -0.341227 -0.00434956 -0.000464884 0.99999 13.1397
0.999886 -0.0151235 -7.43492e-05 0.148738 0.0151234 0.999884 -0.00160884 -0.344102 9.8672e-05 0.00160753 0.999999 13.8806
0.999908 -0.0135253 -0.00076787 0.132654 0.0135238 0.999907 -0.00182295 -0.373454 0.000792454 0.00181239 0.999998 14.7122
0.999896 -0.0134825 -0.0051341 0.164124 0.0134794 0.999909 -0.000629227 -0.428493 0.00514211 0.000559957 0.999987 15.6068
0.999936 -0.0095882 -0.00601732 0.14337 0.00958288 0.999954 -0.000912862 -0.436136 0.0060258 0.00085514 0.999981 16.4614
0.999983 0.00126178 -0.00577053 0.107469 -0.00127945 0.999995 -0.00305811 -0.359007 0.00576664 0.00306544 0.999979 17.198
0.999987 0.00231877 -0.00459087 0.0742167 -0.0023347 0.999991 -0.00346595 -0.356625 0.00458279 0.00347663 0.999983 18.073
0.999965 0.0060216 -0.00586905 0.0293456 -0.00603057 0.999981 -0.00151164 -0.346292 0.00585984 0.00154698 0.999982 18.7099
0.999941 0.00924438 -0.00568018 0.012053 -0.00924745 0.999957 -0.000514538 -0.384031 0.00567518 0.000567035 0.999984 19.5783
0.999901 0.00994405 -0.00996786 0.0348829 -0.00994841 0.99995 -0.000388159 -0.386299 0.0099635 0.000487285 0.99995 20.445
0.999921 0.0078352 -0.00985268 0.00813617 -0.00781861 0.999968 0.00172134 -0.414053 0.00986585 -0.00164417 0.99995 21.2742
0.999908 0.00727843 -0.0114341 -0.00382991 -0.00725771 0.999972 0.0018532 -0.399971 0.0114473 -0.00177004 0.999933 22.0835
0.999937 -0.000175091 -0.0111865 -0.0596293 0.000242918 0.999982 0.00606221 -0.449177 0.0111853 -0.00606455 0.999919 22.8446
0.999923 0.00292923 -0.0120885 -0.0942574 -0.00283023 0.999962 0.00819855 -0.459658 0.012112 -0.0081637 0.999893 23.6466
0.999904 0.00887741 -0.0106221 -0.136139 -0.0088323 0.999952 0.00428626 -0.429563 0.0106597 -0.00419203 0.999934 24.4478
0.999909 0.00639339 -0.0118586 -0.123563 -0.00636178 0.999976 0.00270156 -0.459583 0.0118756 -0.00262587 0.999926 25.3351
0.999895 0.00457088 -0.0137865 -0.105523 -0.00453211 0.999986 0.00284171 -0.505539 0.0137993 -0.00277893 0.999901 26.2073
0.999888 -0.000514761 -0.0149481 -0.142425 0.000605964 0.999981 0.00609747 -0.573216 0.0149447 -0.00610585 0.99987 26.8113
0.999924 0.00156323 -0.0122374 -0.233743 -0.0015659 0.999999 -0.000208607 -0.456216 0.012237 0.000227754 0.999925 27.5149
0.99991 0.000414351 -0.0134262 -0.255133 -0.00041633 1 -0.000144587 -0.492739 0.0134261 0.000150164 0.99991 28.1706
0.999811 0.00522358 -0.0187161 -0.149075 -0.00521565 0.999986 0.000472538 -0.521255 0.0187183 -0.000374832 0.999825 28.9777
0.999627 0.0117959 -0.0246139 -0.0739082 -0.0117606 0.99993 0.00158184 -0.550214 0.0246308 -0.00129178 0.999696 29.8687
0.999257 0.030401 -0.0236723 -0.19705 -0.0303519 0.999536 0.00243228 -0.519993 0.0237353 -0.00171197 0.999717 30.519
0.999311 0.0271659 -0.0252802 -0.231924 -0.0270098 0.999614 0.00649567 -0.557538 0.0254469 -0.00580839 0.999659 31.2064
0.999247 0.0276537 -0.0272054 -0.251127 -0.0274794 0.9996 0.00676001 -0.568886 0.0273815 -0.00600733 0.999607 31.8891
0.998727 0.0415462 -0.0285899 -0.231568 -0.0413538 0.999118 0.0072883 -0.575352 0.0288674 -0.00609672 0.999565 32.6527
0.998661 0.0376171 -0.0355081 -0.1915 -0.03746 0.999285 0.00507981 -0.502184 0.0356738 -0.00374287 0.999356 33.7222
0.99875 0.0336058 -0.0369928 -0.206502 -0.0332724 0.9994 0.00959258 -0.575826 0.0372929 -0.00834976 0.999269 34.4961
0.99851 0.0382037 -0.0389607 -0.269548 -0.0377917 0.999222 0.0112581 -0.60233 0.0393605 -0.00976898 0.999177 34.8976
0.998167 0.0449707 -0.0404902 -0.247067 -0.0443416 0.998883 0.0163027 -0.768746 0.0411781 -0.0144774 0.999047 35.5938
0.998214 0.0464906 -0.0375224 -0.312416 -0.0461288 0.998881 0.0104513 -0.697175 0.0379663 -0.00870174 0.999241 36.3815
0.998096 0.050623 -0.0352266 -0.363894 -0.0504285 0.998707 0.00638853 -0.656573 0.0355044 -0.00459994 0.999359 36.9031
0.998169 0.0508614 -0.0327512 -0.369499 -0.050787 0.998705 0.003102 -0.630226 0.0328666 -0.00143298 0.999459 37.5171
0.998269 0.0523336 -0.0268481 -0.527754 -0.0522515 0.998627 0.00375189 -0.650534 0.0270075 -0.00234254 0.999632 38.1009
0.998365 0.0513911 -0.0250237 -0.491752 -0.0513558 0.998678 0.00205343 -0.586355 0.0250961 -0.000764965 0.999685 38.6351
0.998412 0.0515976 -0.0226012 -0.477148 -0.0514799 0.998657 0.0057582 -0.619966 0.022868 -0.00458555 0.999728 39.2876
0.997918 0.0607279 -0.0217056 -0.317497 -0.06056 0.99813 0.00831313 -0.595495 0.0221699 -0.00698133 0.99973 40.0735
0.99799 0.0608932 -0.0175465 -0.267446 -0.0607573 0.998119 0.00817946 -0.604506 0.0180116 -0.00709694 0.999813 40.6945
0.998333 0.0572135 -0.00759238 -0.406063 -0.0571132 0.998285 0.0128256 -0.683911 0.00831316 -0.0123706 0.999889 41.2386
0.99798 0.0634348 -0.00353052 -0.279536 -0.0633785 0.997888 0.0142638 -0.683455 0.00442789 -0.0140113 0.999892 41.671
0.998001 0.0622607 0.0108709 -0.525999 -0.0623505 0.998021 0.00812216 -0.458419 -0.0103437 -0.00878373 0.999908 41.8766
0.99793 0.0619937 0.0171182 -0.479284 -0.0621169 0.998046 0.00676218 -0.422951 -0.0166655 -0.00781151 0.999831 42.3969
0.997322 0.0699229 0.0214229 -0.332554 -0.0700691 0.997523 0.00614894 -0.468044 -0.0209399 -0.00763356 0.999752 42.5808
0.996841 0.0735313 0.030017 -0.358981 -0.0736755 0.997275 0.00372281 -0.502188 -0.0296615 -0.00592257 0.999542 42.8987
0.996808 0.0703353 0.0377609 -0.295929 -0.0705682 0.997495 0.00486687 -0.589593 -0.037324 -0.00751606 0.999275 43.1728
0.996236 0.0703129 0.0506934 -0.472113 -0.070597 0.997498 0.0038333 -0.567997 -0.050297 -0.00739767 0.998707 43.7828
0.996157 0.0696894 0.0530587 -0.269819 -0.0701854 0.997505 0.00754074 -0.629458 -0.0524009 -0.0112357 0.998563 43.9032
0.99525 0.074432 0.0627531 -0.25908 -0.0752759 0.9971 0.0111892 -0.706339 -0.0617383 -0.0158598 0.997966 44.2899
0.994053 0.0765752 0.0774326 -0.498303 -0.077332 0.996982 0.00681926 -0.527666 -0.0766767 -0.0127667 0.996974 44.5072
0.992631 0.0787633 0.0920855 -0.733881 -0.0793221 0.996846 0.0024194 -0.349358 -0.0916045 -0.00970599 0.995748 44.7287
0.991666 0.0797501 0.101187 -0.736021 -0.0804169 0.996758 0.00252093 -0.376075 -0.100658 -0.0106371 0.994864 44.8759
0.991005 0.0797646 0.10746 -0.624529 -0.0806183 0.996738 0.00361689 -0.377102 -0.106821 -0.0122476 0.994203 45.1692
0.989932 0.07852 0.117769 -0.579902 -0.0795431 0.996823 0.00400567 -0.44442 -0.117081 -0.0133331 0.993033 45.4287
0.989572 0.0700361 0.125862 -0.404672 -0.0718014 0.997373 0.00953884 -0.628473 -0.124863 -0.0184764 0.992002 45.5804
0.988701 0.0747406 0.129936 -0.136745 -0.076841 0.99698 0.0112202 -0.809117 -0.128705 -0.0210779 0.991459 45.861
0.986564 0.0771008 0.144041 -0.053827 -0.0792011 0.996819 0.00889599 -0.82548 -0.142897 -0.0201846 0.989532 46.0696
0.984738 0.0724436 0.158253 0.0328576 -0.0752079 0.997101 0.0115414 -0.861919 -0.156958 -0.0232672 0.987331 46.369
0.983177 0.0636728 0.1712 0.184194 -0.0660333 0.997784 0.0081231 -0.822834 -0.170303 -0.0192913 0.985203 46.3632
0.979988 0.0578924 0.190453 0.253412 -0.0601467 0.998171 0.00607239 -0.826304 -0.189754 -0.017406 0.981677 46.5369
0.976461 0.0513466 0.209495 0.350918 -0.0528227 0.998603 0.00145304 -0.708651 -0.209128 -0.0124849 0.977809 46.7411
0.97235 0.0520168 0.22766 0.435515 -0.0537223 0.998555 0.00129679 -0.742291 -0.227264 -0.0134914 0.97374 46.8019
0.967419 0.0547023 0.247199 0.54775 -0.0587629 0.998231 0.00907289 -1.00086 -0.246265 -0.0233034 0.968922 46.9264
0.960999 0.0530043 0.271424 0.623728 -0.05653 0.998387 0.00518192 -0.92218 -0.270712 -0.0203234 0.962446 47.1626
0.953781 0.053685 0.295669 0.668914 -0.0573465 0.998347 0.00371932 -0.924463 -0.294981 -0.020503 0.955283 47.3082
0.945614 0.0681544 0.318071 0.868388 -0.0719151 0.997411 8.17979e-05 -0.863612 -0.317242 -0.0229515 0.948067 47.4228
0.936402 0.0678636 0.344306 1.00987 -0.0706168 0.997493 -0.0045535 -0.753789 -0.343752 -0.0200499 0.938846 47.6758
0.925392 0.0695714 0.372571 1.17603 -0.0721399 0.99737 -0.00706091 -0.739925 -0.372082 -0.0203431 0.927977 48.2721
0.912812 0.0650555 0.403165 1.29779 -0.0664653 0.997733 -0.0105112 -0.705032 -0.402935 -0.0172017 0.915067 48.4831
0.89847 0.0617463 0.434671 1.4949 -0.0623047 0.997973 -0.0129803 -0.730876 -0.434591 -0.0154197 0.900496 48.7099
0.882811 0.0620428 0.465613 1.73386 -0.0621969 0.99795 -0.0150502 -0.744402 -0.465592 -0.0156732 0.884861 48.866
0.864131 0.062961 0.499312 1.95233 -0.0603959 0.997947 -0.0213127 -0.739522 -0.499629 -0.0117394 0.86616 49.0213
0.840719 0.0751564 0.53623 2.15908 -0.0681558 0.997132 -0.0328981 -0.577615 -0.537165 -0.00888908 0.843431 49.3112
0.818728 0.0749841 0.569264 2.49229 -0.0656039 0.99716 -0.0369939 -0.535533 -0.570421 -0.00705801 0.821322 49.4387
0.790862 0.0794729 0.606813 2.77905 -0.0694272 0.996782 -0.0400615 -0.546764 -0.608044 -0.0104462 0.793835 49.7598
0.761237 0.0819825 0.64327 3.06207 -0.0696991 0.996574 -0.0445287 -0.468792 -0.644717 -0.0109385 0.764343 50.0379
0.72883 0.0829386 0.679653 3.36981 -0.0687466 0.996484 -0.0478809 -0.468984 -0.681235 -0.0118268 0.73197 50.2646
0.690404 0.0830523 0.718641 3.58273 -0.0643306 0.996501 -0.0533613 -0.362885 -0.720558 -0.00938973 0.693331 50.5047
0.651769 0.0801896 0.754166 3.92879 -0.0590509 0.996741 -0.0549491 -0.3974 -0.756115 -0.00871998 0.654381 50.7067
0.607309 0.0856886 0.789831 4.36969 -0.061856 0.996248 -0.060521 -0.380801 -0.792054 -0.0121009 0.610331 51.0554
0.559463 0.0835953 0.824629 4.72373 -0.0551611 0.99645 -0.0635898 -0.445878 -0.827018 -0.00991131 0.562089 51.3366
0.513096 0.0806172 0.854537 5.14414 -0.0495008 0.996702 -0.0643069 -0.516928 -0.856903 -0.00930465 0.515394 51.4283
0.46565 0.0776 0.88156 5.34501 -0.0383531 0.996982 -0.0675015 -0.446871 -0.884138 -0.00237849 0.467221 51.4775
0.420436 0.0744752 0.90426 5.65542 -0.0391604 0.997186 -0.0639209 -0.504998 -0.906477 -0.00853651 0.42217 51.438
0.370044 0.0720143 0.926219 6.19385 -0.0276617 0.997403 -0.0664975 -0.464403 -0.928602 -0.00101379 0.371075 51.6889
0.322015 0.0713278 0.944044 6.85823 -0.0230706 0.997453 -0.0674937 -0.522684 -0.946453 -4.56218e-05 0.32284 51.8225
0.275661 0.0640473 0.959119 7.30371 -0.00966105 0.997912 -0.0638612 -0.596533 -0.961206 0.00833793 0.275704 51.8854
0.230724 0.0564699 0.971379 7.87561 0.00617189 0.998209 -0.0594956 -0.645096 -0.973 0.0197223 0.229962 52.0052
0.185758 0.0515353 0.981243 8.32716 0.020984 0.998188 -0.0563977 -0.679918 -0.982371 0.0310668 0.18434 52.0804
0.142923 0.0512186 0.988408 8.98384 0.0170786 0.998384 -0.0542051 -0.78891 -0.989586 0.0246277 0.141817 52.2557
0.111965 0.0519235 0.992355 9.55 0.0264186 0.998125 -0.0552062 -0.82212 -0.993361 0.0323978 0.110383 52.2657
0.083644 0.0515475 0.995162 9.93478 0.0352081 0.997885 -0.0546478 -0.78648 -0.995874 0.0396087 0.0816522 52.2342
0.0594307 0.0500361 0.996978 10.4042 0.0490699 0.997389 -0.0529818 -0.746335 -0.997026 0.0520703 0.0568203 52.1831
0.0403333 0.0509395 0.997887 11.0085 0.0537876 0.997141 -0.0530754 -0.721776 -0.997738 0.0558146 0.0374781 52.1286
0.025907 0.055642 0.998115 11.4396 0.0549654 0.99686 -0.0569988 -0.614172 -0.998152 0.0563385 0.0227673 52.1264
0.0138533 0.056557 0.998303 11.7422 0.0590944 0.996608 -0.0572809 -0.515969 -0.998156 0.0597877 0.0104641 52.1308
-0.0008673 0.0593198 0.998239 12.3765 0.0603694 0.996421 -0.0591594 -0.46656 -0.998176 0.0602118 -0.0044453 52.2403
-0.0098287 0.0615218 0.998057 12.9475 0.0636032 0.996123 -0.0607762 -0.514436 -0.997927 0.0628823 -0.0137036 52.1865
-0.0142731 0.0650544 0.99778 13.6921 0.0649551 0.995834 -0.0639983 -0.545928 -0.997786 0.0638974 -0.0184393 52.129
-0.0155723 0.0578404 0.998204 14.1981 0.0601273 0.996573 -0.0568078 -0.698742 -0.998069 0.0591347 -0.0189967 51.9677
-0.021446 0.0562225 0.998188 14.8517 0.0613658 0.996609 -0.0548152 -0.674057 -0.997885 0.0600791 -0.0248234 51.987
-0.022802 0.0488876 0.998544 15.3233 0.0592618 0.997113 -0.0474643 -0.672141 -0.997982 0.0580933 -0.0256333 51.8708
-0.0260678 0.044469 0.998671 15.9872 0.0590336 0.997335 -0.0428686 -0.682679 -0.997916 0.0578377 -0.0286235 51.9209
-0.0172862 0.0329016 0.999309 16.6049 0.0639203 0.99745 -0.0317347 -0.869304 -0.997805 0.0633276 -0.0193452 51.6955
-0.0163967 0.0348779 0.999257 17.3352 0.0674085 0.997156 -0.0336985 -0.939816 -0.997591 0.0668058 -0.0187012 51.6532
-0.0113125 0.0400602 0.999133 18.0364 0.0705548 0.996739 -0.0391653 -0.98613 -0.997444 0.0700506 -0.014102 51.5409
-0.00225658 0.047819 0.998853 18.8702 0.0663011 0.996665 -0.0475644 -0.992507 -0.997797 0.0661177 -0.0054195 51.3448
-0.00375979 0.0441728 0.999017 19.5467 0.0690963 0.996648 -0.043808 -1.09105 -0.997603 0.0688636 -0.00679936 51.4055
-0.00197299 0.0414887 0.999137 20.2448 0.0637409 0.997112 -0.0412787 -1.07147 -0.997965 0.0636045 -0.00461182 51.4338
-0.00156113 0.0329796 0.999455 20.9458 0.0649319 0.99735 -0.0328087 -1.15512 -0.997888 0.0648453 -0.00369842 51.4972
0.00659343 0.0177071 0.999821 21.7214 0.0749051 0.997025 -0.0181515 -1.36047 -0.997169 0.0750114 0.00524747 51.3816
0.0031725 0.0249727 0.999683 22.3779 0.0810512 0.996393 -0.0251477 -1.36729 -0.996705 0.0811053 0.00113698 51.4694
0.00727624 0.0306014 0.999505 23.2045 0.0850429 0.995892 -0.0311098 -1.35305 -0.996351 0.0852271 0.00464391 51.4377
0.00327359 0.0316755 0.999493 23.9155 0.0847758 0.995891 -0.0318391 -1.32966 -0.996395 0.084837 0.000574825 51.5859
0.0062498 0.0296944 0.999539 24.5519 0.0764309 0.996621 -0.0300856 -1.3333 -0.997055 0.0765837 0.00395912 51.6047
0.0151127 0.0267136 0.999529 25.1405 0.0629918 0.997632 -0.0276153 -1.42247 -0.9979 0.0633794 0.0133941 51.442
0.0137789 0.0336681 0.999338 25.8403 0.0684737 0.997055 -0.0345353 -1.31419 -0.997558 0.0689043 0.011433 51.5897
0.0113354 0.0396048 0.999151 26.6722 0.0659907 0.997007 -0.0402685 -1.34173 -0.997756 0.0663912 0.0086879 51.7614
0.0162731 0.0391375 0.999101 27.3538 0.0608936 0.99734 -0.0400603 -1.41055 -0.998012 0.0614908 0.0138466 51.7281
0.0232115 0.0402225 0.998921 28.0281 0.066278 0.99693 -0.0416824 -1.37654 -0.997531 0.0671741 0.0204744 51.6658
0.0240828 0.0376201 0.999002 28.5473 0.0706438 0.99673 -0.0392376 -1.37991 -0.997211 0.0715183 0.0213464 51.6891
0.0267756 0.0333178 0.999086 29.2473 0.0733202 0.996687 -0.0352027 -1.53182 -0.996949 0.0741957 0.024244 51.6807
0.0289473 0.0339157 0.999005 29.8752 0.0766217 0.996408 -0.0360478 -1.56681 -0.99664 0.077589 0.0262447 51.7225
0.0232704 0.0296421 0.99929 30.7504 0.0764357 0.996582 -0.0313418 -1.70064 -0.996803 0.0771108 0.0209251 51.9098
0.0257738 0.0291795 0.999242 31.522 0.074292 0.996754 -0.0310231 -1.63768 -0.996903 0.0750353 0.0235223 51.927
0.0289493 0.0260315 0.999242 32.1373 0.0833196 0.996119 -0.028364 -1.77029 -0.996102 0.0840776 0.026668 51.9885
0.0296369 0.025865 0.999226 32.858 0.0853452 0.995949 -0.0283115 -1.82256 -0.995911 0.0861183 0.0273094 52.0686
0.0329128 0.0275031 0.99908 33.4879 0.0804042 0.996309 -0.0300755 -1.87609 -0.996219 0.0813201 0.0305799 52.0352
0.0313845 0.0272549 0.999136 34.3052 0.0779417 0.996517 -0.0296317 -1.90973 -0.996464 0.0788043 0.0291509 52.1123
0.0467993 0.0322855 0.998382 35.0665 0.0749249 0.996549 -0.0357383 -1.83834 -0.99609 0.0764763 0.0442188 51.9165
0.0484157 0.0333225 0.998271 35.7855 0.0697714 0.996889 -0.0366602 -1.86144 -0.996387 0.0714257 0.0459401 51.9444
0.0536324 0.0331176 0.998011 36.4797 0.0655998 0.997174 -0.0366151 -1.89875 -0.996404 0.0674331 0.0513084 51.9008
0.05904 0.0300495 0.997803 37.0748 0.0691655 0.997022 -0.0341185 -2.03808 -0.995857 0.0710279 0.0567857 51.916
0.0606353 0.0345426 0.997562 37.794 0.0627399 0.997293 -0.0383469 -2.03143 -0.996186 0.0649121 0.0583039 52.0008
0.0608948 0.0370521 0.997456 38.576 0.0635964 0.997136 -0.0409228 -2.06084 -0.996116 0.0659266 0.058364 52.0698
0.0673333 0.0387513 0.996978 39.3655 0.0641651 0.997009 -0.0430861 -2.12053 -0.995665 0.0668723 0.0646454 52.0597
0.0711295 0.0380245 0.996742 40.1066 0.0620343 0.99717 -0.0424677 -2.15336 -0.995536 0.0648529 0.0685694 52.0828
0.0747671 0.0396897 0.996411 40.934 0.0682531 0.996661 -0.0448212 -2.16413 -0.994862 0.0713593 0.0718085 52.186
0.0784791 0.041339 0.996058 41.66 0.0627467 0.996954 -0.04632 -2.18107 -0.994939 0.0661345 0.0756461 52.2631
0.0836974 0.043362 0.995547 42.4127 0.0586904 0.997104 -0.0483641 -2.18057 -0.994761 0.062477 0.0809101 52.2893
0.0857802 0.0457413 0.995264 43.1977 0.0583943 0.996997 -0.0508539 -2.17668 -0.994601 0.06248 0.0828516 52.3698
0.0928587 0.0469747 0.994571 43.927 0.0611174 0.996734 -0.0527831 -2.20823 -0.993802 0.065687 0.0896844 52.374
0.0986849 0.0503222 0.993846 44.5714 0.0571238 0.996787 -0.0561433 -2.25809 -0.993478 0.0623128 0.0954933 52.4155
0.103743 0.0511475 0.993288 45.0139 0.0601243 0.996528 -0.057594 -2.4977 -0.992785 0.0656957 0.100308 52.4758
0.109636 0.0557131 0.992409 45.8032 0.0611398 0.996159 -0.0626781 -2.56557 -0.99209 0.0675475 0.105809 52.6122
0.109655 0.0498923 0.992717 46.5699 0.0513528 0.997121 -0.055786 -2.75249 -0.992642 0.057096 0.106777 52.8101
0.115311 0.0496008 0.99209 47.1867 0.0365632 0.997864 -0.0541392 -2.82283 -0.992656 0.0425169 0.113251 52.8194
0.122594 0.0478506 0.991303 47.779 0.0332646 0.998078 -0.0522914 -2.88615 -0.991899 0.0393859 0.120767 52.8727
0.123551 0.0431389 0.9914 48.7792 0.0470245 0.997678 -0.0492724 -2.93612 -0.991223 0.0527078 0.121235 53.0811
0.131084 0.0389998 0.990604 49.2858 0.0448126 0.997971 -0.0452198 -2.96175 -0.990358 0.0503191 0.129071 53.1656
0.135266 0.0365866 0.990134 50.0136 0.0277958 0.998785 -0.0407036 -2.90913 -0.990419 0.0330274 0.134084 53.3386
0.140533 0.0380038 0.989346 50.8748 0.0207591 0.99893 -0.0413207 -2.87525 -0.989858 0.0263448 0.139594 53.4878
0.147064 0.0363664 0.988458 51.5143 0.024183 0.998893 -0.0403483 -2.9744 -0.988831 0.0298377 0.146022 53.6212
0.150174 0.0461807 0.98758 52.3855 0.0135948 0.998718 -0.0487687 -2.92976 -0.988566 0.0207497 0.149354 53.7789
0.156241 0.0505724 0.986423 53.1228 0.0109094 0.998539 -0.0529215 -2.95733 -0.987659 0.0190298 0.155461 53.8757
0.161969 0.0531882 0.985361 53.8698 0.0111161 0.998385 -0.0557184 -3.01502 -0.986733 0.0199781 0.161116 53.9954
0.168538 0.0555271 0.98413 54.7234 0.00534705 0.998346 -0.0572449 -3.02396 -0.985681 0.0149101 0.167962 54.0825
0.174846 0.0569653 0.982947 55.8982 0.00489496 0.998262 -0.0587236 -3.03609 -0.984584 0.0150791 0.174263 54.212
0.184123 0.051811 0.981537 56.799 0.00784528 0.9985 -0.0541781 -3.04365 -0.982872 0.0176759 0.183441 54.296
0.187587 0.0491011 0.98102 57.6098 -0.00285895 0.998773 -0.049443 -3.05258 -0.982244 0.00647016 0.187497 54.4522
0.190198 0.0455314 0.980689 58.2926 -0.00294449 0.998946 -0.045808 -3.09352 -0.981741 0.00582496 0.190132 54.6436
0.194532 0.0491337 0.979665 59.0973 -0.0108927 0.998791 -0.04793 -3.07088 -0.980836 -0.00134733 0.194832 54.7807
0.192423 0.0477991 0.980147 59.5726 -0.00655209 0.998853 -0.0474251 -3.13346 -0.98129 0.00270368 0.192516 55.0337
0.194727 0.0548813 0.979321 60.3867 -0.0150089 0.998483 -0.0529708 -3.13117 -0.980743 -0.00438366 0.195256 55.1012
0.194993 0.059835 0.978978 61.0128 -0.0234597 0.998136 -0.0563332 -3.23046 -0.980524 -0.0119819 0.196034 55.2625
0.195688 0.064509 0.978542 61.5803 -0.0234256 0.997857 -0.0610977 -3.29115 -0.980386 -0.0109669 0.19678 55.3959
0.201185 0.0687265 0.977139 62.2963 -0.0196445 0.997618 -0.0661223 -3.2904 -0.979356 -0.00589254 0.202056 55.4693
0.200222 0.0717859 0.977117 63.0792 -0.0279319 0.997325 -0.0675469 -3.34201 -0.979352 -0.0137684 0.201691 55.7072
0.202184 0.0699544 0.976846 63.7563 -0.0285582 0.997443 -0.0655186 -3.38785 -0.978931 -0.0146501 0.203665 55.8209
0.202916 0.0666257 0.976927 64.3773 -0.0287291 0.997658 -0.0620722 -3.45753 -0.978775 -0.0154707 0.204355 55.9393
0.203295 0.0609318 0.97722 64.8756 -0.0175144 0.998128 -0.0585919 -3.47356 -0.978961 -0.00520404 0.203981 55.9594
0.20243 0.0608902 0.977402 65.5282 -0.0181801 0.998127 -0.058416 -3.52188 -0.979128 -0.0059441 0.203158 56.0882
0.20163 0.0617773 0.977512 66.3185 -0.0173765 0.998077 -0.0594928 -3.55728 -0.979308 -0.00499017 0.202316 56.3222
0.200637 0.0636614 0.977595 66.8409 -0.011832 0.997971 -0.06256 -3.56585 -0.979594 0.000984995 0.200983 56.3823
0.196462 0.0698298 0.978022 67.2811 -0.0165097 0.997555 -0.067908 -3.58427 -0.980372 -0.00280546 0.197134 56.5331
0.194568 0.0695917 0.978417 67.9341 -0.014191 0.997575 -0.0681324 -3.62409 -0.980786 -0.000628335 0.195083 56.6877
0.191871 0.0680872 0.979056 68.5154 -0.0157247 0.997676 -0.0663005 -3.67473 -0.981294 -0.00267427 0.192495 56.7832
0.185724 0.0683889 0.980219 68.6701 -0.0248577 0.997583 -0.0648905 -3.69508 -0.982287 -0.0123142 0.186975 57.0051
0.188892 0.0722128 0.979339 68.8534 -0.0438795 0.996917 -0.0650455 -3.72768 -0.981017 -0.0306863 0.191479 56.6704
0.187737 0.0705341 0.979684 69.4261 -0.0375804 0.997204 -0.064594 -3.79405 -0.9815 -0.0246902 0.189863 56.7651
0.188277 0.0675968 0.979787 70.0676 -0.0220558 0.997668 -0.0645922 -3.91649 -0.981868 -0.0094487 0.189329 56.7987
0.188036 0.0724692 0.979485 70.5479 -0.0154973 0.997369 -0.0708173 -3.85718 -0.98204 -0.00186318 0.188664 56.8515
0.185618 0.0731771 0.979893 71.0649 -0.0115213 0.997317 -0.0722958 -3.90962 -0.982554 0.00212977 0.185963 56.9948
0.18691 0.0728088 0.979675 71.6629 -0.00912082 0.997335 -0.0723811 -4.00553 -0.982335 0.00459329 0.187076 57.0364
0.1877 0.068393 0.979842 72.0171 -0.00401503 0.997618 -0.0688646 -4.06667 -0.982218 0.00899181 0.187528 56.9746
0.188113 0.0608053 0.980263 72.66 0.00778722 0.997958 -0.0633972 -4.29191 -0.982117 0.0195594 0.187255 57.1953
0.177481 0.0585294 0.982382 73.2341 0.012975 0.998004 -0.0618043 -4.32986 -0.984039 0.0237155 0.176368 57.5656
0.17932 0.0558086 0.982207 74.1034 0.0257579 0.997781 -0.0613962 -4.3029 -0.983454 0.0363092 0.177484 57.8917
0.185125 0.0524086 0.981317 74.5065 0.0274963 0.99791 -0.0584819 -4.311 -0.98233 0.0378091 0.183297 57.8517
0.192003 0.0523907 0.979995 74.6907 0.0268295 0.997921 -0.0586055 -4.32604 -0.981028 0.0375452 0.190198 57.6808
0.203665 0.0502528 0.97775 74.661 0.0340558 0.997714 -0.0583727 -4.22561 -0.978448 0.0451866 0.201488 57.1686
0.213521 0.0474939 0.975783 75.0202 0.0407304 0.997516 -0.0574644 -4.2171 -0.976089 0.0520139 0.211056 57.0875
0.222346 0.04568 0.973897 75.4579 0.0410771 0.997576 -0.0561688 -4.21477 -0.974102 0.0524938 0.219931 57.0786
0.229458 0.0428061 0.972377 76.0485 0.0366953 0.997942 -0.0525908 -4.31123 -0.972626 0.047749 0.227415 57.2875
0.238625 0.0461418 0.970015 76.5298 0.0272663 0.998158 -0.0541881 -4.37543 -0.970729 0.0393794 0.236927 57.3245
0.251261 0.0458608 0.966832 76.8646 0.0286766 0.998086 -0.0547958 -4.33172 -0.967494 0.0414935 0.249465 57.247
0.263971 0.0438503 0.963533 77.6111 0.0364244 0.9978 -0.0553887 -4.3493 -0.963843 0.0497172 0.261793 57.4058
0.273726 0.0497299 0.960521 78.0468 0.0232449 0.998029 -0.058296 -4.36614 -0.961527 0.0382844 0.27203 57.5002
0.285935 0.0527454 0.956796 78.4514 0.0344299 0.997274 -0.065266 -4.18027 -0.95763 0.0516042 0.283339 57.469
0.294649 0.0541402 0.954071 78.9749 0.0317674 0.997287 -0.0664034 -4.20595 -0.955077 0.049874 0.29213 57.6214
0.305292 0.0545932 0.950693 79.6177 0.0311959 0.997246 -0.0672843 -4.24286 -0.951748 0.050199 0.302748 57.8288
0.314773 0.0543766 0.947608 80.3693 0.0316279 0.997202 -0.0677285 -4.31037 -0.94864 0.05129 0.312173 58.2522
0.324644 0.0534023 0.944328 81.0557 0.0250402 0.99757 -0.0650215 -4.38983 -0.945505 0.044755 0.322518 58.4926
0.333984 0.0472143 0.941395 81.749 0.0259997 0.997903 -0.0592724 -4.45462 -0.94222 0.044272 0.332056 58.7531
0.346588 0.0416911 0.93709 82.4396 0.0295571 0.99803 -0.0553341 -4.4947 -0.937552 0.0468758 0.344673 59.0085
0.358759 0.0408349 0.932537 83.1329 0.0216476 0.99841 -0.0520475 -4.56983 -0.933179 0.0388597 0.357305 59.1297
0.367835 0.0374753 0.929135 83.8488 0.0288768 0.998245 -0.0516948 -4.62072 -0.929442 0.0458457 0.366108 59.4672
0.377875 0.0307496 0.925346 83.7993 0.0312806 0.998454 -0.0459527 -4.7794 -0.925328 0.0463098 0.376329 59.4118
0.386359 0.0232523 0.922055 84.8042 0.0401352 0.998311 -0.0419928 -4.7606 -0.921475 0.0532312 0.384774 59.7285
0.393374 0.0210008 0.919138 85.7329 0.0449251 0.998106 -0.0420322 -4.75053 -0.91828 0.0578268 0.391686 60.0613
0.400885 0.0204292 0.915901 86.4018 0.0476204 0.997935 -0.0431022 -4.79534 -0.91489 0.0608946 0.399084 60.3391
0.408754 0.0221426 0.912376 87.0998 0.0601439 0.996879 -0.0511385 -4.79849 -0.910661 0.0757769 0.406146 60.643
0.415058 0.0310829 0.909264 87.7931 0.0571098 0.996555 -0.0601363 -4.86429 -0.908001 0.0768879 0.411853 60.9235
0.421972 0.0437581 0.905552 88.8922 0.0542037 0.99583 -0.0733784 -4.75771 -0.904987 0.0800479 0.41784 61.5023
0.435088 0.0354334 0.899691 89.8191 0.0770672 0.994093 -0.0764207 -4.64225 -0.897084 0.102586 0.429787 61.9103
0.439623 0.037389 0.897404 90.5432 0.0788622 0.993668 -0.0800329 -4.65214 -0.894714 0.105956 0.43389 62.3258
0.443455 0.0406825 0.895373 90.9749 0.0790473 0.993302 -0.084282 -4.6984 -0.892804 0.108152 0.437268 62.6222
0.447019 0.0445329 0.893415 91.599 0.07923 0.992864 -0.0891326 -4.77359 -0.891009 0.110629 0.4403 63.0243
0.449579 0.0506206 0.891805 92.5421 0.0715534 0.993144 -0.0924444 -4.90963 -0.89037 0.105373 0.442874 63.6552
0.449787 0.05561 0.891403 93.3196 0.0460735 0.995286 -0.0853387 -5.14009 -0.891947 0.0794543 0.445105 64.1118
0.45431 0.0516645 0.889344 93.9855 0.04832 0.995418 -0.0825102 -5.19806 -0.889532 0.0804583 0.449732 64.4411
0.456367 0.0517588 0.888285 94.5021 0.0470505 0.995506 -0.0821791 -5.13467 -0.888547 0.0792981 0.451881 64.789
0.457095 0.0628966 0.887191 95.0996 0.0341177 0.995522 -0.0881546 -5.14462 -0.888763 0.0705639 0.452902 65.1465
0.461359 0.0635559 0.884934 95.7232 0.032151 0.995578 -0.0882642 -5.22598 -0.886631 0.0691729 0.457275 65.4558
0.461542 0.0653758 0.884706 96.2743 0.0313127 0.995459 -0.0898954 -5.28456 -0.886566 0.069193 0.457399 65.7718
0.465133 0.0587823 0.883287 96.8758 0.0472258 0.994724 -0.0910672 -5.26091 -0.88398 0.0840723 0.459903 66.1177
0.466942 0.0514024 0.882793 97.4526 0.0589906 0.994275 -0.089096 -5.45274 -0.882318 0.0936791 0.461236 66.4407
0.467576 0.0487615 0.882607 98.0666 0.0630989 0.994089 -0.0883482 -5.5287 -0.881698 0.097001 0.461735 66.8593
0.468086 0.048772 0.882336 98.6938 0.0624173 0.994157 -0.0880659 -5.64038 -0.881476 0.0962955 0.462307 67.2546
0.470427 0.0517762 0.880919 99.1911 0.0604396 0.994042 -0.0907009 -5.68129 -0.880367 0.0959105 0.464495 67.4812
0.472698 0.0491623 0.879852 99.7334 0.0727779 0.992854 -0.0945761 -5.66121 -0.878214 0.10874 0.465742 67.7949
0.477491 0.0460565 0.877429 100.284 0.0887114 0.990995 -0.100294 -5.58962 -0.874147 0.125727 0.469105 68.0981
0.482067 0.0451119 0.874972 100.796 0.0908588 0.990715 -0.101138 -5.63492 -0.87141 0.128254 0.473492 68.3006
0.48286 0.0436873 0.874607 101.365 0.095931 0.990105 -0.102419 -5.68352 -0.870427 0.133356 0.473891 68.7201
0.480199 0.038875 0.876298 102.048 0.105246 0.989247 -0.101559 -5.86911 -0.870823 0.140996 0.470944 69.4079
0.484369 0.0413635 0.873885 102.539 0.100174 0.98969 -0.102369 -5.93644 -0.86911 0.137125 0.475231 69.6194
0.487824 0.0425497 0.871905 102.952 0.0959453 0.990147 -0.102001 -6.0265 -0.867653 0.133414 0.478935 69.7525
0.493823 0.0447592 0.86841 103.401 0.090727 0.990572 -0.102648 -6.10851 -0.864817 0.129478 0.485106 69.8682
0.497754 0.0447281 0.866164 103.906 0.092305 0.990266 -0.104181 -6.17923 -0.862392 0.131808 0.48878 70.1563
0.500636 0.0474914 0.864354 104.419 0.0863744 0.990771 -0.104466 -6.32026 -0.861338 0.126957 0.491913 70.5587
0.506203 0.0544239 0.860695 104.908 0.0808421 0.990618 -0.110185 -6.39982 -0.858617 0.125356 0.497054 70.8607
0.519161 0.0653074 0.852177 105.375 0.0654077 0.991116 -0.115803 -6.4804 -0.85217 0.115859 0.510278 70.9214
0.528999 0.0745064 0.845346 105.951 0.0548357 0.991055 -0.121664 -6.51942 -0.846849 0.110715 0.520181 71.0839
0.531499 0.0758057 0.84366 106.309 0.0502552 0.991411 -0.120742 -6.74935 -0.845567 0.106573 0.523125 71.5186
0.542361 0.0769916 0.83661 106.728 0.0428343 0.991963 -0.119057 -6.82758 -0.839053 0.100408 0.534704 71.4847
0.542662 0.0785472 0.836271 107.218 0.0336782 0.992783 -0.115102 -6.90898 -0.839276 0.0906253 0.5361 71.9869
0.546842 0.0850573 0.832904 107.57 0.0138639 0.99377 -0.110587 -6.87031 -0.837121 0.0720212 0.542256 72.2517
0.554319 0.0776296 0.828676 108.108 0.0154149 0.994512 -0.103476 -6.9848 -0.832162 0.0701328 0.55008 72.5233
0.565154 0.067232 0.822241 108.51 0.0207313 0.995202 -0.0956238 -7.15002 -0.824725 0.0710883 0.561048 72.6682
0.574847 0.0669086 0.815521 108.972 0.0156414 0.995571 -0.0927059 -7.33094 -0.818112 0.0660476 0.571254 72.8845
0.584864 0.0666555 0.808388 109.384 0.0154447 0.995522 -0.0932598 -7.43257 -0.810985 0.0670296 0.581215 73.0503
0.589136 0.0776913 0.80429 109.931 -0.0019013 0.995498 -0.0947684 -7.44924 -0.808032 0.0543023 0.586631 73.4634
0.598408 0.0798454 0.797203 111.052 -0.00322693 0.995254 -0.0972593 -7.52887 -0.801185 0.0556282 0.595826 74.0075
0.609166 0.0866801 0.788291 111.81 -0.0045301 0.994373 -0.10584 -7.43323 -0.79303 0.0609031 0.606131 74.3919
0.615962 0.0946668 0.782067 112.547 -0.015725 0.994033 -0.107939 -7.41293 -0.787619 0.0541886 0.613775 74.8606
0.621536 0.0896247 0.778242 112.762 -0.0101389 0.994271 -0.106406 -7.40383 -0.78332 0.0582446 0.618884 75.2441
0.633823 0.0724432 0.770078 113.424 0.00852423 0.99489 -0.100608 -7.67315 -0.773431 0.0703318 0.629966 75.6032
0.644025 0.0696765 0.761825 113.938 0.0094439 0.995044 -0.0989902 -7.78736 -0.764946 0.0709467 0.640175 75.8315
0.651228 0.0724521 0.755416 114.467 0.00497404 0.995003 -0.0997191 -7.87088 -0.758866 0.0686973 0.647614 76.2982
0.656242 0.0732523 0.750986 114.703 -0.00965759 0.99601 -0.0887131 -8.04689 -0.754489 0.0509645 0.654331 76.7004
0.667192 0.0684099 0.741737 115.399 -0.00322361 0.99603 -0.0889635 -8.19839 -0.744878 0.0569647 0.664764 77.1624
0.673263 0.0694177 0.736137 116.038 -0.00491351 0.995981 -0.0894272 -8.25386 -0.739387 0.056591 0.670898 77.7105
0.68143 0.0660843 0.728894 116.708 -0.00164178 0.996051 -0.0887709 -8.31801 -0.731881 0.0592945 0.678848 78.1543
0.684151 0.0714167 0.725835 117.441 -0.00685538 0.99578 -0.0915155 -8.30239 -0.729308 0.0576345 0.681754 78.7725
0.687326 0.067499 0.723206 117.917 -0.000748472 0.995738 -0.0922238 -8.32198 -0.726349 0.0628465 0.684447 79.2586
0.69049 0.0668066 0.72025 118.554 0.00218602 0.995529 -0.0944357 -8.31993 -0.723338 0.0667814 0.687257 79.8282
0.694425 0.060425 0.717024 119.151 0.0074998 0.995806 -0.091182 -8.40281 -0.719526 0.0686965 0.691059 80.3754
0.699132 0.0493367 0.713288 119.769 0.0195483 0.995925 -0.0880465 -8.54045 -0.714725 0.0754997 0.695318 80.9221
0.694201 0.0507914 0.717987 120.275 0.0212245 0.995629 -0.0909535 -8.57554 -0.719468 0.0783789 0.690089 81.6795
0.699305 0.0576249 0.712496 120.866 0.00851858 0.996003 -0.088915 -8.73567 -0.714772 0.0682482 0.696019 82.0508
0.698635 0.0581675 0.71311 121.509 0.00924523 0.995873 -0.0902897 -8.8661 -0.715419 0.0696724 0.695213 82.956
0.702465 0.0642646 0.708811 122.091 -0.00414457 0.996268 -0.0862196 -8.98551 -0.711706 0.0576286 0.70011 83.3784
0.707792 0.0602542 0.703847 122.688 -0.00599777 0.996832 -0.0793044 -9.07534 -0.706396 0.0519095 0.705911 83.8523
0.711344 0.0603552 0.700248 123.298 -0.0132199 0.997279 -0.0725272 -9.15028 -0.70272 0.0423345 0.710206 84.441
0.714514 0.053869 0.697544 123.905 -0.0125736 0.997859 -0.0641818 -9.25082 -0.699508 0.0370881 0.713661 85.1203
0.715285 0.0582672 0.696399 124.517 -0.0198951 0.997812 -0.0630514 -9.34726 -0.69855 0.0312448 0.714879 85.8528
0.717293 0.0561003 0.694509 125.168 -0.0154795 0.99779 -0.064611 -9.44105 -0.696599 0.0355944 0.716577 86.706
0.722303 0.0540595 0.68946 125.762 -0.00700935 0.997461 -0.0708662 -9.49256 -0.691541 0.0463542 0.720848 87.2983
0.728824 0.0551519 0.682476 126.388 -0.00238025 0.996949 -0.0780229 -9.58109 -0.684697 0.0552405 0.726731 87.8655
0.730963 0.0568806 0.680042 126.99 -0.00533521 0.996966 -0.0776543 -9.77543 -0.682396 0.0531342 0.729049 88.6873
0.743309 0.063684 0.66591 127.723 -0.0207554 0.997174 -0.0721966 -9.95432 -0.668626 0.0398432 0.74253 89.1254
0.750476 0.0465817 0.659254 128.28 0.00116542 0.997418 -0.0718023 -9.85478 -0.660897 0.0546542 0.748484 89.6729
0.759009 0.041791 0.649738 128.9 0.00834706 0.997231 -0.0738926 -9.8676 -0.651027 0.0615085 0.756559 90.1469
0.761246 0.0519272 0.646381 129.504 -0.00269939 0.997034 -0.0769179 -10.0795 -0.648458 0.0568086 0.759128 90.9374
0.765209 0.0502085 0.641821 130.1 0.00402093 0.996562 -0.0827532 -10.0733 -0.643769 0.0659043 0.762377 91.6729
0.768916 0.0439961 0.637834 130.698 0.0110397 0.996567 -0.082049 -10.1364 -0.639255 0.0701303 0.765791 92.3935
0.776525 0.0208391 0.629742 131.275 0.0398075 0.995834 -0.0820396 -10.0081 -0.628828 0.0887743 0.77246 92.9036
0.778116 0.0179589 0.627863 131.863 0.0392268 0.996251 -0.07711 -10.1344 -0.626894 0.0846297 0.774495 93.5757
0.776281 0.0128159 0.630257 132.464 0.0438332 0.996276 -0.0742476 -10.2184 -0.628862 0.0852632 0.772828 94.4848
0.787159 0.0113631 0.616646 133.129 0.0471002 0.995803 -0.0784741 -10.1159 -0.614949 0.0908157 0.78332 94.5436
0.797792 0.00981341 0.602852 133.793 0.050291 0.9953 -0.082755 -10.0139 -0.600831 0.0963394 0.793549 94.6146
0.802775 0.0118976 0.596164 134.41 0.0514992 0.994682 -0.089198 -9.9992 -0.594054 0.102308 0.797893 95.1331
0.800539 0.0188005 0.598985 134.885 0.0435239 0.995044 -0.0894011 -10.1139 -0.597697 0.0976393 0.795754 95.849
0.793648 0.0211472 0.60801 135.367 0.0448242 0.994647 -0.0931049 -10.1666 -0.606724 0.101146 0.788451 96.7696
0.792823 0.0279515 0.608811 135.923 0.0350561 0.995202 -0.091343 -10.2722 -0.608443 0.0937614 0.788039 97.3019
0.789825 0.0287519 0.612658 136.418 0.0329147 0.995474 -0.0891503 -10.3901 -0.612448 0.0905786 0.785304 97.949
0.78715 0.0325269 0.615904 136.977 0.026533 0.995898 -0.0865053 -10.5334 -0.616191 0.0844344 0.783058 98.6718
0.782031 0.0307855 0.622479 137.485 0.0254765 0.996365 -0.0812831 -10.6585 -0.622719 0.0794244 0.778404 99.4283
0.778724 0.0325378 0.626523 138.076 0.0231709 0.996481 -0.080551 -10.7565 -0.626939 0.0772441 0.77523 100.187
0.777498 0.0362195 0.627842 138.68 0.0232136 0.996007 -0.0862054 -10.8463 -0.628457 0.081599 0.773552 100.833
0.771486 0.0503785 0.634249 139.326 0.0122173 0.995503 -0.0939338 -10.9583 -0.636129 0.0802174 0.767401 101.771
0.769811 0.0431376 0.636813 139.743 0.029618 0.994225 -0.103152 -11.0794 -0.637585 0.0982689 0.764087 102.309
0.769876 0.0472314 0.636444 140.433 0.0250601 0.994251 -0.104099 -11.1061 -0.637702 0.0960925 0.764266 102.978
0.766117 0.0456473 0.641077 140.99 0.0238485 0.994769 -0.0993316 -11.2142 -0.642258 0.0913884 0.761021 103.661
0.763564 0.0434965 0.644265 141.59 0.021559 0.995455 -0.0927575 -11.3271 -0.645372 0.084716 0.759156 104.341
0.763275 0.0431867 0.644629 142.218 0.023297 0.995275 -0.094263 -11.3873 -0.645654 0.0869664 0.758662 104.936
0.759839 0.0409733 0.648818 142.761 0.0246936 0.995473 -0.0917836 -11.5009 -0.649642 0.0857625 0.755388 105.596
0.759245 0.0353185 0.649845 143.34 0.0346416 0.994918 -0.0945463 -11.6125 -0.649882 0.0942956 0.754163 106.207
0.757697 0.0388649 0.651448 143.999 0.0350357 0.994363 -0.100073 -11.6616 -0.651665 0.0986489 0.752064 106.866
0.756021 0.0292779 0.653893 144.551 0.0504023 0.993429 -0.102755 -11.7995 -0.652604 0.110643 0.749577 107.481
0.752326 0.0227148 0.658399 145.095 0.0608296 0.992741 -0.103757 -11.9352 -0.655976 0.118109 0.745483 108.118
0.749041 0.024017 0.662088 145.692 0.0601259 0.992755 -0.104034 -12.0136 -0.659789 0.117735 0.74217 108.762
0.74579 0.0223536 0.665806 146.279 0.0616447 0.992833 -0.102383 -12.1172 -0.663322 0.1174 0.739067 109.4
0.741383 0.0237925 0.67066 146.882 0.0641074 0.99229 -0.10607 -12.158 -0.668013 0.121633 0.734142 110.075
0.735551 0.0299705 0.676806 147.482 0.0612126 0.991994 -0.110453 -12.2816 -0.674698 0.122673 0.727828 110.744
0.733574 0.0279185 0.679036 148.144 0.0702877 0.990681 -0.116665 -12.2744 -0.675965 0.13331 0.724775 111.365
0.728472 0.0246523 0.684632 148.84 0.0750657 0.990463 -0.115537 -12.4903 -0.68095 0.135558 0.719674 112.104
0.722953 0.0189042 0.690638 149.556 0.0776454 0.99107 -0.108406 -12.5692 -0.68652 0.131997 0.715029 112.805
0.717787 0.017482 0.696043 150.286 0.0707914 0.992672 -0.0979351 -12.6235 -0.692654 0.11957 0.71129 113.451
0.709693 0.0131707 0.704388 150.862 0.0720441 0.993227 -0.0911582 -12.7058 -0.700817 0.115441 0.703938 114.053
0.701345 0.0195384 0.712555 151.55 0.0632856 0.99397 -0.0895449 -12.7779 -0.710008 0.107896 0.695879 114.844
0.692322 0.0216047 0.721265 152.127 0.0638214 0.993801 -0.0910286 -12.8729 -0.71876 0.109053 0.686652 115.442
0.686802 0.0201151 0.726567 152.69 0.071799 0.99285 -0.0953566 -12.9117 -0.72329 0.117658 0.680447 115.931
0.676937 0.0309393 0.73539 153.241 0.0677439 0.992256 -0.104105 -13.0302 -0.732917 0.120291 0.669599 116.572
0.672174 0.0307042 0.739756 153.946 0.0711924 0.99183 -0.105855 -13.162 -0.736962 0.123818 0.664497 117.053
0.667484 0.0248081 0.744211 154.689 0.077066 0.991776 -0.102181 -13.2569 -0.740625 0.125558 0.660083 117.553
0.659449 0.0246038 0.751347 155.35 0.0732092 0.992612 -0.0967593 -13.2846 -0.748176 0.118813 0.652775 118.155
0.655352 0.0212012 0.755026 156.012 0.0703063 0.993554 -0.088924 -13.5461 -0.752044 0.11136 0.649637 118.55
0.648962 0.0226581 0.760483 156.661 0.071281 0.993349 -0.0904243 -13.5588 -0.757474 0.11289 0.643031 119.029
0.643696 0.0200305 0.765019 157.363 0.0747575 0.99323 -0.0889076 -13.6823 -0.761621 0.11442 0.637841 119.585
0.638083 0.0141752 0.769837 158.034 0.0797786 0.993232 -0.0844134 -13.7463 -0.765823 0.115279 0.632633 120.112
0.633577 0.00967209 0.77362 158.936 0.087738 0.992573 -0.0842649 -13.8188 -0.768689 0.121264 0.628022 120.919
0.629124 0.00614271 0.777281 159.783 0.0898598 0.99269 -0.0805767 -13.9916 -0.772093 0.120539 0.623973 121.698
0.624921 0.00906376 0.780635 160.513 0.0846775 0.993246 -0.0793191 -14.1891 -0.776082 0.11567 0.619933 122.271
0.621831 0.00563226 0.783131 161.307 0.0971766 0.991691 -0.0842935 -14.2624 -0.777099 0.128518 0.616117 122.97
0.618228 0.0115893 0.785914 162.14 0.095402 0.991392 -0.089666 -14.4168 -0.780188 0.130412 0.6118 123.7
0.614458 0.0156689 0.788794 162.781 0.09237 0.991498 -0.0916502 -14.4968 -0.783523 0.129176 0.607787 124.257
0.611101 0.0160249 0.79139 163.438 0.0814849 0.99321 -0.0830331 -14.7129 -0.787347 0.115228 0.605646 124.778
0.611182 0.00578812 0.791469 164.113 0.0847963 0.993739 -0.0727481 -14.8241 -0.786935 0.111576 0.606865 125.225
