0.999437 -0.0229795 -0.0244653 0.361797 0.0233061 0.999642 0.0131483 -0.0566843 0.0241544 -0.013711 0.999614 3.51559
0.998635 -0.0249302 -0.0459076 0.820472 0.0254976 0.999605 0.0118149 -0.0443829 0.0455949 -0.0129693 0.998876 6.30874
0.997449 -0.0303695 -0.0646072 1.06278 0.0312844 0.999423 0.0131975 -0.08116 0.0641691 -0.015185 0.997824 9.34317
0.997625 -0.0311496 -0.0614408 0.947099 0.0321631 0.999361 0.0155764 -0.144009 0.0609163 -0.0175155 0.997989 10.4844
0.997689 -0.0284854 -0.0616917 0.925151 0.0294094 0.999468 0.0141218 -0.0571251 0.0612566 -0.0159035 0.997995 12.054
0.997533 -0.0324717 -0.0622382 0.881672 0.0339139 0.999177 0.0222575 -0.260519 0.0614642 -0.0243133 0.997813 13.4083
0.99766 -0.0315852 -0.0606319 0.780435 0.0330164 0.999196 0.0227496 -0.26322 0.0598646 -0.0246982 0.997901 14.7444
0.998063 -0.0152264 -0.0603252 0.645685 0.0163715 0.999694 0.0185337 -0.140308 0.0600246 -0.0194854 0.998007 16.0343
0.998289 -0.000893157 -0.0584708 0.466296 0.00184446 0.999867 0.0162178 -0.0896721 0.0584485 -0.0162979 0.998157 17.2053
0.998255 -0.00263715 -0.0589995 0.382066 0.00361107 0.999859 0.0164068 -0.15068 0.058948 -0.0165913 0.998123 18.5291
0.998326 0.00232479 -0.0577884 0.304293 -0.00141941 0.999876 0.0157031 -0.181069 0.0578177 -0.0155948 0.998205 19.7464
0.998145 0.00464864 -0.060699 0.370808 -0.00360653 0.999844 0.0172667 -0.192391 0.0607698 -0.0170158 0.998007 21.1048
0.998212 0.00188887 -0.0597363 0.285069 -0.000635293 0.999779 0.0209972 -0.20735 0.0597628 -0.0209217 0.997993 22.4671
0.998218 -0.00593673 -0.0593829 0.246932 0.00740632 0.999671 0.0245582 -0.214739 0.0592176 -0.0249542 0.997933 23.7795
0.998488 -0.00540692 -0.0547092 0.0943864 0.00686936 0.999623 0.0265786 -0.249097 0.0545449 -0.0269143 0.998149 25.1549
0.998572 -0.00892321 -0.0526785 -0.00087996 0.0103864 0.999566 0.0275683 -0.267678 0.0524097 -0.0280761 0.998231 26.4909
0.998565 -0.000235976 -0.0535619 0.0539488 0.00149023 0.999726 0.0233782 -0.182321 0.0535417 -0.0234244 0.998291 28.0815
0.998533 0.0148616 -0.052067 -0.0372743 -0.0135628 0.99959 0.0252093 -0.177285 0.0524204 -0.0244661 0.998325 29.635
0.998464 0.017744 -0.0524806 -0.0425048 -0.0162647 0.999462 0.0284827 -0.136133 0.0529577 -0.0275854 0.998216 31.162
0.998193 0.0142557 -0.0583751 0.411336 -0.0124588 0.999441 0.0310309 -0.17859 0.0587848 -0.0302476 0.997812 33.3093
0.998212 0.0105345 -0.0588419 0.304767 -0.00880659 0.999525 0.0295484 -0.144765 0.0591252 -0.0289773 0.99783 34.847
0.99816 0.0167933 -0.0582611 0.20525 -0.0151103 0.999459 0.0292086 -0.170775 0.0587201 -0.0282745 0.997874 36.165
0.998873 0.00955091 -0.0464899 -0.0652498 -0.00816 0.999516 0.030017 -0.189905 0.0467541 -0.0296038 0.998468 36.9927
0.998957 -0.000485179 -0.0456637 -0.0878814 0.00179368 0.999589 0.0286185 -0.166332 0.045631 -0.0286706 0.998547 37.8077
0.998913 -0.00274878 -0.0465374 -0.0893755 0.00401602 0.999623 0.0271591 -0.103717 0.0464452 -0.0273165 0.998547 39.2006
0.998935 -0.00264895 -0.0460743 -0.232518 0.00378697 0.999689 0.0246301 0.0397434 0.0459947 -0.0247783 0.998634 40.9534
0.998905 -0.00761941 -0.0461656 -0.325759 0.00880217 0.999637 0.0254711 0.153429 0.0459547 -0.0258496 0.998609 42.3189
0.998884 -0.00661773 -0.0467709 -0.386182 0.0078491 0.999626 0.0261934 0.179974 0.04658 -0.0265313 0.998562 43.8574
0.998648 -0.0181845 -0.0487008 -0.357032 0.0193894 0.999515 0.024383 0.300163 0.0482338 -0.0252943 0.998516 45.253
0.998671 -0.0149702 -0.0493229 -0.272126 0.016167 0.999582 0.0239544 0.282801 0.0489437 -0.02472 0.998496 46.6693
0.998868 -0.00172466 -0.0475365 -0.296984 0.00295005 0.999665 0.0257198 0.32449 0.0474762 -0.0258309 0.998538 47.4073
0.998862 0.00637439 -0.0472758 -0.390211 -0.00522635 0.999689 0.0243679 0.378321 0.0474164 -0.0240931 0.998585 48.7213
0.998824 0.00889075 -0.0476647 -0.47297 -0.00774791 0.999679 0.024108 0.40111 0.0478638 -0.0237104 0.998572 50.0677
0.998804 0.00336633 -0.0487789 -0.543654 -0.00220483 0.999713 0.0238457 0.399366 0.0488452 -0.0237096 0.998525 51.4026
0.998782 0.00937313 -0.0484475 -0.566279 -0.008206 0.999673 0.0242336 0.351951 0.0486588 -0.0238066 0.998532 52.848
0.998746 -0.000468998 -0.0500633 -0.624246 0.00186501 0.999611 0.0278419 0.404527 0.0500307 -0.0279004 0.998358 54.1369
0.998542 -0.000358828 -0.0539805 -0.622883 0.00181058 0.999638 0.0268475 0.450797 0.0539513 -0.0269061 0.998181 55.7695
0.998434 0.00147712 -0.0559317 -0.690109 0.000118419 0.999593 0.0285126 0.416537 0.055951 -0.0284745 0.998027 57.1349
0.998333 0.00495201 -0.0574957 -0.730557 -0.00331978 0.99959 0.0284495 0.46607 0.057613 -0.0282113 0.99794 58.6345
0.998291 0.00516102 -0.0582143 -0.758047 -0.00356797 0.999617 0.0274362 0.593576 0.0583336 -0.0271816 0.997927 59.6938
0.998269 0.0073992 -0.0583477 -0.858221 -0.0058401 0.999623 0.0268463 0.599449 0.0585243 -0.026459 0.997935 61.2351
0.998189 0.00988914 -0.0593409 -0.944563 -0.00840837 0.999648 0.0251517 0.651999 0.0595688 -0.0246072 0.997921 62.77
0.998183 0.00580094 -0.0599759 -1.07175 -0.00420973 0.999637 0.0266232 0.693853 0.0601086 -0.0263223 0.997845 64.3992
0.998271 0.014119 -0.0570539 -1.21234 -0.0129505 0.9997 0.0207997 0.795419 0.0573304 -0.0200248 0.998154 65.8189
0.998352 0.00593707 -0.0570867 -1.2313 -0.00470251 0.999753 0.021736 0.839898 0.0572016 -0.0214317 0.998133 67.0456
0.998264 0.00614085 -0.0585853 -1.30009 -0.00491668 0.999767 0.0210168 0.86409 0.0587007 -0.0206923 0.998061 68.5807
0.998296 0.00303456 -0.058267 -1.42303 -0.00189668 0.999807 0.0195741 0.858195 0.0583151 -0.0194302 0.998109 70.0078
0.998368 0.00174515 -0.0570807 -1.5982 -0.00102157 0.999919 0.0127031 1.23503 0.0570983 -0.0126241 0.998289 71.5908
0.998164 -0.00764202 -0.0600811 -1.49942 0.00855664 0.999851 0.0149806 1.24979 0.0599577 -0.0154672 0.998081 72.755
0.99823 -0.00695445 -0.0590618 -1.60474 0.00795894 0.999827 0.0167892 1.25061 0.0589348 -0.0172295 0.998113 73.8616
0.998293 -0.00813045 -0.0578398 -1.80661 0.00907246 0.99983 0.0160426 1.28127 0.0576996 -0.01654 0.998197 75.7698
0.998437 -0.00722551 -0.0554234 -2.0261 0.00812645 0.999838 0.0160475 1.40047 0.0552984 -0.0164728 0.998334 77.3354
0.99812 -0.0145291 -0.0595412 -1.92364 0.0155114 0.999751 0.0160684 1.47569 0.0592929 -0.0169618 0.998097 78.8179
0.998334 -0.00595782 -0.0573995 -2.09982 0.00630313 0.999963 0.00583686 1.74131 0.0573626 -0.00618893 0.998334 80.194
0.998277 -0.0103438 -0.0577586 -2.27893 0.0106494 0.999931 0.00498598 1.85402 0.057703 -0.00559249 0.998318 81.7481
0.998165 -0.0150586 -0.0586527 -2.32345 0.0152361 0.999881 0.00258067 1.96679 0.0586068 -0.00346958 0.998275 83.165
0.997921 -0.0219421 -0.0605911 -2.50102 0.0220427 0.999757 0.000992344 2.08959 0.0605545 -0.00232587 0.998162 85.4408
0.997642 -0.0368266 -0.0579221 -2.69119 0.0373171 0.999276 0.00740966 2.05309 0.0576073 -0.00955367 0.998294 86.2568
0.997649 -0.0376997 -0.0572327 -2.81487 0.0381022 0.999256 0.00595701 2.13461 0.0569655 -0.0081237 0.998343 87.4396
0.997468 -0.0422044 -0.0572403 -2.92487 0.042627 0.999072 0.00618207 2.13309 0.0569263 -0.0086064 0.998341 88.5479
0.9973 -0.0437458 -0.0589907 -2.96627 0.0441976 0.999002 0.0063751 2.09246 0.058653 -0.00896513 0.998238 90.0092
0.997411 -0.04346 -0.0572855 -3.18255 0.0440387 0.99899 0.0088786 1.96241 0.0568418 -0.0113784 0.998318 91.538
0.997169 -0.0441734 -0.0608525 -3.15916 0.0445904 0.99899 0.00551001 2.16921 0.0605476 -0.00820784 0.998132 93.2326
0.997153 -0.0408922 -0.0633461 -3.35124 0.0410724 0.999155 0.00154378 2.21613 0.0632294 -0.00414116 0.99799 94.8555
0.997236 -0.0390706 -0.0631989 -3.40835 0.0392975 0.999225 0.00235044 2.14581 0.0630581 -0.0048275 0.997998 96.1351
0.997029 -0.0426957 -0.0641189 -3.58511 0.0427767 0.999085 -0.000109467 2.19628 0.0640648 -0.00263365 0.997942 97.762
0.99675 -0.0478102 -0.0648293 -3.64605 0.0480671 0.998841 0.00240898 2.07378 0.064639 -0.00551731 0.997893 99.0121
0.996482 -0.0495941 -0.0675614 -3.63406 0.049871 0.998753 0.00241739 2.02072 0.0673572 -0.00577824 0.997712 100.387
0.996443 -0.0506853 -0.0673191 -3.76189 0.0508555 0.998706 0.000815861 2.04629 0.0671907 -0.00423651 0.997731 101.718
0.996371 -0.0515512 -0.0677321 -3.84174 0.0516985 0.998663 0.000422923 2.03024 0.0676197 -0.00392303 0.997703 103.048
0.996342 -0.0521176 -0.0677203 -3.95205 0.0521825 0.998637 -0.000810802 2.05943 0.0676703 -0.00272598 0.997704 104.414
0.997021 -0.0467036 -0.0613852 -4.22217 0.0463096 0.998896 -0.00782759 2.24164 0.061683 0.00496155 0.998083 105.851
0.996907 -0.0495017 -0.061049 -4.32913 0.0492941 0.998772 -0.0049034 2.15319 0.0612168 0.00187888 0.998123 107.115
0.997281 -0.0425112 -0.0601866 -4.3427 0.0420449 0.999075 -0.00899312 2.29466 0.0605132 0.00643814 0.998147 108.275
0.997129 -0.0445038 -0.0612571 -4.4413 0.0440034 0.998986 -0.00949437 2.23491 0.0616175 0.0067716 0.998077 109.638
0.997578 -0.0356359 -0.0597325 -4.51758 0.0346578 0.999249 -0.0173307 2.37635 0.0603052 0.0152186 0.998064 110.883
0.99786 -0.0352938 -0.0550488 -4.81719 0.0339183 0.999093 -0.0257243 2.5759 0.0559068 0.0238021 0.998152 112.344
0.998036 -0.0331671 -0.0531395 -4.93453 0.0317974 0.999145 -0.0264157 2.62299 0.0539702 0.0246742 0.998238 113.459
0.998091 -0.0332152 -0.0520615 -5.15491 0.0319056 0.999158 -0.0257884 2.64345 0.0528743 0.0240781 0.998311 115.098
0.998058 -0.0358832 -0.0509181 -5.16635 0.0346927 0.999108 -0.0240739 2.62458 0.0517365 0.0222607 0.998413 116.322
0.99792 -0.0395328 -0.050915 -5.22988 0.0383156 0.998961 -0.0246636 2.57472 0.0518371 0.0226615 0.998398 117.759
0.998393 -0.026138 -0.0502759 -5.24476 0.0244846 0.999148 -0.0332244 2.69547 0.0511014 0.0319401 0.998183 119.053
0.99825 -0.0300382 -0.0509422 -5.28772 0.028523 0.999136 -0.0302159 2.56484 0.0518059 0.02871 0.998244 120.546
0.998195 -0.0335242 -0.0498373 -5.37643 0.0323066 0.999164 -0.0250407 2.42144 0.0506351 0.0233855 0.998443 121.862
0.998297 -0.0340956 -0.0473351 -5.48508 0.0328691 0.99911 -0.0264527 2.43184 0.0481949 0.0248518 0.998529 123.437
0.998592 -0.0331315 -0.0414293 -5.58931 0.0321407 0.999187 -0.0243569 2.36673 0.0422026 0.022991 0.998845 124.386
0.998532 -0.0335636 -0.0425098 -5.57847 0.0325204 0.999158 -0.024998 2.33774 0.0433131 0.0235788 0.998783 125.667
0.998405 -0.0385786 -0.0412109 -5.61147 0.0378417 0.999112 -0.0185143 2.02363 0.0418886 0.0169253 0.998979 126.94
0.998619 -0.0337716 -0.040252 -5.61334 0.0329843 0.999254 -0.0200639 2.01494 0.0408996 0.0187085 0.998988 128.45
0.998889 -0.0273571 -0.0383631 -5.7373 0.026515 0.9994 -0.0222908 2.02092 0.0389499 0.0212488 0.999015 130.084
0.999207 -0.0210034 -0.0338121 -5.90096 0.0200988 0.999437 -0.0268735 1.9952 0.0343575 0.0261726 0.999067 131.418
0.999394 -0.0139689 -0.0318865 -5.93099 0.0129936 0.999447 -0.0305945 2.03411 0.0322963 0.0301617 0.999023 133.029
0.999335 -0.0150933 -0.0331889 -5.94599 0.014065 0.99942 -0.0310014 2.00736 0.0336376 0.030514 0.998968 134.559
0.999381 -0.0158745 -0.031406 -5.99114 0.0149934 0.999493 -0.0280945 1.9018 0.0318361 0.0276062 0.999112 135.637
0.999499 -0.0140834 -0.0283309 -6.1219 0.0133631 0.999587 -0.0254536 1.8455 0.0286776 0.0250623 0.999274 136.694
0.999542 -0.0124026 -0.0276167 -6.0867 0.0117451 0.999647 -0.0238475 1.7058 0.0279028 0.0235122 0.999334 137.87
0.999192 -0.0198398 -0.0349468 -5.90291 0.0186169 0.999215 -0.0349791 1.95869 0.0356133 0.0343002 0.998777 139.218
0.999312 -0.0141899 -0.0342612 -6.09984 0.0129254 0.999237 -0.0368488 1.98307 0.0347579 0.0363806 0.998733 140.79
0.998908 -0.0154788 -0.044082 -5.57035 0.0138403 0.999211 -0.037235 1.79325 0.0446235 0.0365842 0.998334 142.808
0.998883 -0.00816144 -0.046544 -5.39251 0.00641348 0.999273 -0.0375815 1.57787 0.0468169 0.0372411 0.998209 144.977
0.998995 -0.00485349 -0.0445497 -5.64829 0.00320089 0.999307 -0.0370924 1.39536 0.0446988 0.0369125 0.998318 146.412
0.998732 -0.0126315 -0.0487303 -5.70586 0.0109965 0.999372 -0.0336768 1.32108 0.0491251 0.0330982 0.998244 148.042
0.998656 -0.0129072 -0.0501911 -5.79625 0.0112196 0.999367 -0.0337623 1.22771 0.0505951 0.0331538 0.998169 149.558
0.998788 0.0005683 -0.0492201 -5.91372 -0.00227268 0.999399 -0.0345788 1.16907 0.0491709 0.0346487 0.998189 151.386
0.998578 0.00426758 -0.0531477 -5.81678 -0.00623056 0.999302 -0.0368236 1.06552 0.0529535 0.0371023 0.997907 153.2
0.998305 -0.00770748 -0.057687 -5.7549 0.00575077 0.999405 -0.0340089 0.839943 0.0579148 0.0336195 0.997755 154.684
0.998244 -0.0120266 -0.0580009 -5.87266 0.0100795 0.99938 -0.0337455 0.703343 0.0583708 0.0331017 0.997746 155.83
0.997304 -0.0391446 -0.062067 -5.9389 0.0379786 0.999081 -0.0198552 0.480138 0.0627872 0.0174444 0.997874 157.172
0.996687 -0.0489978 -0.0649224 -6.01358 0.0480685 0.998719 -0.0158007 0.346158 0.0656134 0.0126276 0.997765 158.551
0.995799 -0.0634651 -0.0660086 -6.10027 0.0624448 0.997897 -0.017408 0.229799 0.0669745 0.013213 0.997667 159.798
0.996056 -0.0607652 -0.0646547 -6.21739 0.0594569 0.997989 -0.021972 0.221714 0.0658598 0.0180411 0.997666 161.095
0.996522 -0.0507815 -0.0660651 -6.29297 0.0491712 0.998458 -0.0257784 0.230644 0.0672723 0.0224403 0.997482 162.385
0.996527 -0.0506839 -0.066071 -6.37042 0.0490651 0.99846 -0.0258989 0.17293 0.0672819 0.0225672 0.997479 163.762
0.996317 -0.0543958 -0.066277 -6.48406 0.0530077 0.99834 -0.0225265 0.126929 0.0673924 0.0189304 0.997547 165.088
0.99506 -0.0732818 -0.0669677 -6.57595 0.0724161 0.997258 -0.0152676 -0.0419889 0.0679029 0.0103426 0.997638 166.277
0.992541 -0.0969509 -0.0739143 -6.55401 0.0973341 0.99525 0.00159134 -0.337882 0.073409 -0.00877385 0.997263 167.679
0.992315 -0.099134 -0.0740467 -6.70502 0.0995162 0.995035 0.00148036 -0.342743 0.0735323 -0.00883784 0.997254 168.912
0.99186 -0.103414 -0.0742858 -6.70752 0.103967 0.994574 0.00361549 -0.402589 0.0735088 -0.0113094 0.99723 170.43
0.991021 -0.111185 -0.074268 -6.74486 0.111957 0.993693 0.00630392 -0.487123 0.0730987 -0.0145621 0.997218 171.868
0.992701 -0.0972219 -0.0713581 -6.92125 0.0974962 0.995236 0.000362442 -0.384902 0.0709829 -0.00731694 0.997451 172.439
0.992307 -0.102123 -0.0699894 -6.99087 0.102439 0.994739 0.000934428 -0.386571 0.0695258 -0.00809689 0.997547 172.811
0.993273 -0.0940075 -0.0676044 -7.06003 0.0944656 0.995522 0.0036039 -0.571725 0.0669629 -0.00996595 0.997706 173.924
0.994299 -0.0883846 -0.059641 -7.38511 0.0881781 0.996086 -0.00608942 -0.315446 0.0599458 0.00079568 0.998201 174.959
0.993412 -0.0964658 -0.0618567 -7.62858 0.0961417 0.995334 -0.00820177 -0.30157 0.0623593 0.00220073 0.998051 177.522
0.99254 -0.103013 -0.0652069 -7.74185 0.102667 0.994678 -0.00863425 -0.315397 0.0657493 0.00187522 0.997834 179.397
0.992741 -0.100196 -0.066528 -7.81326 0.0997647 0.994963 -0.00978601 -0.317489 0.0671734 0.00307783 0.997737 180.98
0.995536 -0.0659343 -0.0675326 -6.60702 0.0654677 0.997813 -0.00910118 -0.628273 0.067985 0.00463935 0.997676 180.642
0.995627 -0.0484114 -0.0798983 -5.37236 0.0481616 0.998827 -0.00505182 -0.812932 0.0800492 0.00118169 0.99679 181.156
0.9958 -0.0484259 -0.0776964 -5.63168 0.0485664 0.99882 -8.12587e-05 -1.02693 0.0776087 -0.00369252 0.996977 182.197
0.995249 -0.0568262 -0.079061 -5.81125 0.0571429 0.998364 0.00174718 -1.01488 0.0788324 -0.00625666 0.996868 183.664
0.994427 -0.0651222 -0.0829132 -5.91561 0.0656407 0.997837 0.00354061 -0.977734 0.0825033 -0.00896336 0.99655 185.159
0.993956 -0.0701013 -0.0844817 -6.04476 0.0703338 0.997523 -0.000225199 -1.02262 0.0842883 -0.00571808 0.996425 186.43
0.993616 -0.0723827 -0.0865289 -6.32665 0.0722707 0.997375 -0.0044303 -1.03494 0.0866224 -0.00185149 0.996239 188.159
0.993943 -0.0687378 -0.085752 -6.59795 0.0687351 0.99763 -0.00298727 -1.15444 0.0857542 -0.00292499 0.996312 189.587
0.99428 -0.0652022 -0.0845885 -6.74635 0.0653603 0.997861 -0.000902053 -1.22315 0.0844664 -0.00463183 0.996416 190.588
0.993258 -0.0747658 -0.0885919 -6.65942 0.075535 0.997129 0.00535759 -1.29297 0.087937 -0.0120133 0.996054 191.795
0.992179 -0.0881516 -0.0883737 -6.86932 0.0892465 0.995973 0.00850834 -1.25519 0.0872678 -0.0163288 0.996051 193.435
0.993171 -0.0761392 -0.0883991 -6.95877 0.0771225 0.996991 0.00775731 -1.19269 0.0875425 -0.0145219 0.996055 194.969
0.992896 -0.078716 -0.0892236 -6.91504 0.0798728 0.99676 0.00946497 -1.32784 0.0881895 -0.0165243 0.995967 196.145
0.99309 -0.0766837 -0.0888325 -6.91576 0.0776186 0.996958 0.00711266 -1.13971 0.0880168 -0.0139586 0.996021 197.632
0.992859 -0.0809654 -0.0876062 -7.048 0.0817244 0.996642 0.00510561 -1.00073 0.0868986 -0.0122287 0.996142 199.296
0.991948 -0.0912931 -0.0877716 -7.18447 0.0924535 0.995674 0.00923815 -1.11227 0.0865486 -0.0172786 0.996098 200.612
0.991277 -0.0973353 -0.0888605 -7.24269 0.0986819 0.99506 0.010878 -1.10342 0.0873627 -0.0195521 0.995985 202.035
0.99118 -0.0990526 -0.0880415 -7.42351 0.100222 0.994925 0.00895784 -1.0582 0.0867074 -0.0177026 0.996077 203.72
0.991857 -0.0940309 -0.0858906 -7.68564 0.0947237 0.995496 0.00401685 -1.03577 0.085126 -0.01212 0.996296 205.127
0.990205 -0.109101 -0.0871303 -7.74922 0.109554 0.993981 0.000415004 -1.02198 0.0865606 -0.00995638 0.996197 206.83
0.99119 -0.100073 -0.0867655 -7.87069 0.100508 0.994936 0.000647357 -1.0587 0.0862613 -0.00936228 0.996229 208.153
0.991375 -0.0974172 -0.0876704 -7.94555 0.0981581 0.995162 0.00416986 -1.05093 0.0868401 -0.0127395 0.996141 210.008
0.991727 -0.0936674 -0.0877733 -8.09752 0.0945275 0.995506 0.00568438 -1.05695 0.0868464 -0.0139343 0.996124 211.399
0.990021 -0.106404 -0.0923974 -8.1194 0.107372 0.994203 0.00556559 -1.10444 0.0912696 -0.015431 0.995707 212.751
0.989298 -0.112017 -0.0935018 -8.23246 0.112983 0.993584 0.00508321 -1.02195 0.0923325 -0.0155929 0.995606 214.175
0.985043 -0.14055 -0.0996748 -8.12835 0.141917 0.989856 0.00672355 -1.05271 0.0977187 -0.0207685 0.994997 215.849
0.984763 -0.140801 -0.10206 -8.21799 0.142115 0.989834 0.00568899 -1.07773 0.100221 -0.0201066 0.994762 217.426
0.984503 -0.139868 -0.105786 -8.30125 0.141266 0.989955 0.0058099 -1.08544 0.103911 -0.0206639 0.994372 218.906
0.984445 -0.137967 -0.108781 -8.39346 0.139277 0.990243 0.00449944 -1.03561 0.107099 -0.0195802 0.994056 220.628
0.984564 -0.136858 -0.109108 -8.58062 0.138047 0.99042 0.00338494 -1.05085 0.107599 -0.0183946 0.994024 222.073
0.984474 -0.137351 -0.109292 -8.74429 0.138337 0.990384 0.00145507 -1.06723 0.108041 -0.0165517 0.994009 223.462
0.984185 -0.138552 -0.110377 -8.89705 0.139583 0.990209 0.00163234 -1.12562 0.10907 -0.0170133 0.993888 225.043
0.984534 -0.136931 -0.109278 -9.06354 0.1381 0.990413 0.00316135 -1.22528 0.107798 -0.0182038 0.994006 226.399
0.984037 -0.140062 -0.109791 -9.23261 0.141207 0.989976 0.00268372 -1.1766 0.108314 -0.0181441 0.993951 227.873
0.984219 -0.138065 -0.11068 -9.34736 0.13915 0.990269 0.00209635 -1.15573 0.109314 -0.0174644 0.993854 229.454
0.98469 -0.135514 -0.109643 -9.64286 0.136 0.990704 -0.00307038 -0.957513 0.10904 -0.0118881 0.993966 231.073
0.983654 -0.141737 -0.111067 -9.81303 0.142227 0.989828 -0.00353766 -0.967135 0.110439 -0.0123169 0.993807 232.462
0.984078 -0.140921 -0.108317 -10.0345 0.141556 0.989929 -0.00184892 -1.08974 0.107487 -0.0135134 0.994115 233.486
0.983692 -0.142741 -0.109427 -10.0794 0.143386 0.989665 -0.00199247 -1.11447 0.10858 -0.0137303 0.993993 234.758
0.98508 -0.134714 -0.107091 -10.2507 0.135147 0.99082 -0.00323522 -1.05482 0.106544 -0.0112862 0.994244 235.958
0.984094 -0.140294 -0.108982 -10.3455 0.140969 0.990013 -0.00152411 -1.1287 0.108107 -0.0138632 0.994043 237.165
0.984146 -0.13819 -0.11118 -10.3824 0.138995 0.990293 -0.000520556 -1.18138 0.110172 -0.0149411 0.9938 238.643
0.985152 -0.13513 -0.105904 -10.6775 0.136004 0.990708 0.00103894 -1.27721 0.104779 -0.0154268 0.994376 240.083
0.985066 -0.134968 -0.106908 -10.8451 0.135855 0.990728 0.00102746 -1.31671 0.105778 -0.0155361 0.994268 241.715
0.984371 -0.139392 -0.107628 -11.0355 0.140324 0.990105 0.00109511 -1.29224 0.10641 -0.0161808 0.994191 243.368
0.983378 -0.143937 -0.110677 -11.1023 0.144904 0.989446 0.000699427 -1.32411 0.109408 -0.0167252 0.993856 244.939
0.984103 -0.139792 -0.109538 -11.2701 0.14102 0.990001 0.00350632 -1.44812 0.107953 -0.0188977 0.993976 246.334
0.984422 -0.138534 -0.108262 -11.4402 0.139883 0.990156 0.00492706 -1.47007 0.106514 -0.0199944 0.99411 247.821
0.984002 -0.140307 -0.109792 -11.4579 0.141573 0.989921 0.00378287 -1.42481 0.108154 -0.0192659 0.993947 248.983
0.984229 -0.139374 -0.10894 -11.5689 0.140456 0.990084 0.00228295 -1.4079 0.107541 -0.0175482 0.994046 250.421
0.983168 -0.144221 -0.112166 -11.678 0.145511 0.989351 0.00335539 -1.46466 0.110487 -0.0196202 0.993684 252.236
0.985423 -0.125926 -0.114386 -11.5363 0.127091 0.991887 0.00291755 -1.71092 0.113091 -0.0174125 0.993432 255.295
0.983326 -0.139416 -0.116762 -11.7356 0.141268 0.989941 0.00770132 -2.11059 0.114514 -0.0240677 0.99313 258.448
0.979721 -0.159436 -0.121356 -11.8908 0.16131 0.986887 0.0057149 -1.96484 0.118854 -0.025175 0.992593 261.492
0.979541 -0.159089 -0.123244 -12.1715 0.16111 0.986915 0.00654567 -1.98176 0.12059 -0.0262677 0.992355 264.868
0.981023 -0.146965 -0.126473 -12.2055 0.148819 0.98885 0.00528941 -2.10378 0.124285 -0.0240106 0.991956 268.009
0.97985 -0.146394 -0.135881 -12.1409 0.148132 0.988964 0.00271082 -2.08886 0.133985 -0.0227845 0.990721 269.831
0.979932 -0.145532 -0.136209 -12.3447 0.14724 0.989098 0.00249908 -2.0787 0.134361 -0.0225044 0.990677 271.36
0.980774 -0.140554 -0.135377 -12.6227 0.142056 0.989857 0.00145227 -2.16777 0.1338 -0.0206556 0.990793 272.981
0.980172 -0.143868 -0.136255 -12.6941 0.145573 0.989344 0.00258251 -2.17997 0.134431 -0.0223664 0.99067 274.358
0.979757 -0.147263 -0.135612 -12.9094 0.148932 0.988845 0.00218291 -2.17888 0.133778 -0.0223356 0.99076 275.828
0.979755 -0.148109 -0.134696 -13.1845 0.149363 0.988782 -0.000807175 -2.12685 0.133305 -0.0193278 0.990887 277.097
0.979813 -0.149141 -0.133126 -13.4353 0.150593 0.988595 0.000850562 -2.31721 0.131481 -0.0208813 0.991099 278.24
0.979333 -0.153946 -0.131175 -13.7282 0.155797 0.987781 0.00390041 -2.39813 0.128972 -0.0242564 0.991352 279.778
0.979271 -0.150491 -0.135576 -13.7929 0.151887 0.988398 -4.48642e-05 -2.38638 0.13401 -0.0205483 0.990767 281.861
0.979519 -0.15154 -0.132584 -14.0556 0.152667 0.988276 -0.00168278 -2.40545 0.131285 -0.0185929 0.99117 283.16
0.973389 -0.180106 -0.141687 -13.5263 0.181863 0.983324 -0.000553545 -2.12568 0.139424 -0.0252288 0.989911 283.903
0.97325 -0.181019 -0.141478 -13.7312 0.182484 0.983205 -0.00265819 -2.0984 0.139583 -0.0232303 0.989938 285.448
0.973432 -0.18312 -0.137464 -14.0067 0.184655 0.982802 -0.0016088 -2.14054 0.135394 -0.0238174 0.990505 286.78
0.974704 -0.177516 -0.135794 -14.2489 0.178948 0.983857 -0.00168229 -2.20524 0.1339 -0.0226603 0.990736 288.324
0.974715 -0.178077 -0.134981 -14.4739 0.179669 0.983727 -0.000398042 -2.24665 0.132855 -0.0238638 0.990848 289.88
0.97513 -0.177604 -0.13258 -14.8253 0.179184 0.983816 -1.45687e-05 -2.28344 0.130437 -0.023742 0.991172 291.725
0.974373 -0.182142 -0.131989 -15.0442 0.183635 0.982994 -0.000872853 -2.21645 0.129903 -0.0233874 0.991251 293.145
0.975693 -0.178185 -0.127567 -15.4324 0.179334 0.983785 -0.0025152 -2.24521 0.125946 -0.020423 0.991827 294.802
0.976669 -0.173249 -0.126897 -15.4773 0.17431 0.984687 -0.00277467 -2.27008 0.125434 -0.0194095 0.991912 295.797
0.975868 -0.177549 -0.127115 -15.5999 0.178858 0.983874 -0.00113216 -2.38482 0.125267 -0.0216307 0.991887 297.244
0.975896 -0.178116 -0.1261 -15.6676 0.179068 0.983829 -0.00383499 -2.2692 0.124744 -0.0188379 0.99201 298.224
0.973835 -0.18715 -0.128918 -16.0798 0.187927 0.982163 -0.00622137 -2.19583 0.127783 -0.0181685 0.991636 301.003
0.971353 -0.195534 -0.135056 -16.1556 0.19652 0.980481 -0.00612261 -2.18597 0.133617 -0.020594 0.990819 304.091
0.966881 -0.21083 -0.143847 -16.2451 0.21277 0.9771 -0.00193933 -2.26538 0.140961 -0.0287311 0.989598 306.851
0.960707 -0.228816 -0.157113 -16.1808 0.231163 0.972909 -0.00342104 -2.11159 0.15364 -0.0330321 0.987575 310.093
0.960262 -0.231551 -0.155823 -16.5087 0.233738 0.97229 -0.00439072 -2.12348 0.152522 -0.0322056 0.987775 311.548
0.959062 -0.235983 -0.156564 -16.7339 0.23919 0.970971 0.0016963 -2.25072 0.151619 -0.0390754 0.987666 313.147
0.958494 -0.237717 -0.157414 -16.9696 0.240903 0.970548 0.00119399 -2.27078 0.152495 -0.0390661 0.987532 314.563
0.958103 -0.237686 -0.159828 -17.1305 0.241047 0.970512 0.0016965 -2.26623 0.154712 -0.0401515 0.987143 316.114
0.957931 -0.237913 -0.160516 -17.3606 0.241198 0.970475 0.00100704 -2.24067 0.155538 -0.0396809 0.987033 317.797
0.95682 -0.242518 -0.160251 -17.6925 0.245931 0.969286 0.00150832 -2.29955 0.154963 -0.0408538 0.987075 319.515
0.956287 -0.245453 -0.158959 -17.9572 0.24917 0.968453 0.00357978 -2.43407 0.153066 -0.0430312 0.987279 320.843
0.956574 -0.244842 -0.158171 -18.1926 0.24858 0.968603 0.00399247 -2.43152 0.152227 -0.0431372 0.987404 321.989
0.956964 -0.244098 -0.156957 -18.4633 0.247228 0.968957 0.000430554 -2.37558 0.151979 -0.0392161 0.987605 323.554
0.958249 -0.239281 -0.156539 -18.6726 0.242265 0.97021 -1.94315e-05 -2.43791 0.15188 -0.0379052 0.987672 325.1
0.957649 -0.242529 -0.155205 -18.9043 0.245207 0.969469 -0.00194336 -2.39909 0.150938 -0.0361964 0.98788 326.184
0.956873 -0.241422 -0.161586 -18.9522 0.244141 0.969735 -0.00311194 -2.51587 0.157447 -0.0364722 0.986854 328.013
0.95614 -0.243556 -0.162716 -19.2816 0.246693 0.969093 -0.000954972 -2.61223 0.15792 -0.0392279 0.986672 329.534
0.956676 -0.242168 -0.161633 -19.595 0.246123 0.969228 0.00460473 -2.67438 0.155544 -0.0441867 0.98684 331.12
0.956305 -0.243554 -0.161749 -19.9382 0.24818 0.968675 0.0087261 -2.7246 0.154557 -0.0484878 0.986793 332.783
0.958274 -0.234247 -0.163828 -20.3468 0.237647 0.971351 0.00118619 -2.51348 0.158857 -0.0400699 0.986488 335.279
0.957268 -0.239671 -0.161853 -20.7337 0.243028 0.970019 0.00097454 -2.52429 0.156766 -0.0402676 0.986814 337.069
0.957382 -0.240365 -0.160137 -21.1249 0.243483 0.969905 -0.000155051 -2.46061 0.155355 -0.0388422 0.987095 338.845
0.95738 -0.239803 -0.160988 -21.3786 0.242801 0.970075 -0.00108125 -2.44986 0.15643 -0.0380529 0.986956 340.632
0.95833 -0.236596 -0.160081 -21.6465 0.23991 0.970794 0.00141322 -2.60351 0.155071 -0.0397592 0.987103 342.282
0.957448 -0.239525 -0.160999 -21.7404 0.243082 0.970002 0.00247926 -2.65664 0.155576 -0.0415098 0.986951 343.75
0.957381 -0.239854 -0.160911 -22.0327 0.243811 0.96981 0.00502219 -2.93772 0.154849 -0.0440402 0.986956 345.67
0.956901 -0.242862 -0.159244 -22.1842 0.247569 0.968817 0.010109 -3.02445 0.151823 -0.0490971 0.987188 346.998
0.960512 -0.233525 -0.151273 -22.6555 0.236129 0.971721 -0.000767263 -2.80529 0.147174 -0.034983 0.988492 348.585
0.959588 -0.235397 -0.154203 -22.928 0.237999 0.971264 -0.00163332 -2.88715 0.150156 -0.0351328 0.988038 350.635
0.960376 -0.233952 -0.151472 -23.2176 0.236541 0.971621 -0.000956191 -2.92122 0.147397 -0.0349109 0.988461 352.117
0.960702 -0.231865 -0.152608 -23.4318 0.234182 0.972189 -0.00286863 -2.95293 0.149029 -0.0329822 0.988283 353.701
0.963122 -0.223595 -0.149673 -23.7432 0.224972 0.974333 -0.00788769 -2.95277 0.147595 -0.0260754 0.988704 355.287
0.962272 -0.224384 -0.153896 -23.9433 0.225765 0.974143 -0.00867243 -2.94704 0.151862 -0.026399 0.988049 357.118
0.961714 -0.224162 -0.157662 -24.1379 0.226053 0.974096 -0.00607335 -2.95163 0.154939 -0.0297991 0.987474 358.984
0.961592 -0.223225 -0.159722 -24.3786 0.225802 0.974171 -0.00206475 -2.99796 0.156058 -0.0340802 0.98716 360.607
0.960367 -0.228718 -0.159322 -24.6503 0.232194 0.972664 0.00329992 -3.09293 0.154212 -0.0401629 0.987221 362.176
0.955009 -0.245565 -0.166302 -24.7169 0.24975 0.9683 0.00440922 -3.07076 0.159947 -0.0457447 0.986065 364.1
0.954056 -0.247035 -0.16956 -24.9537 0.25136 0.967885 0.00418681 -3.03177 0.16308 -0.046615 0.985511 366.113
0.952972 -0.249768 -0.171638 -25.1874 0.254293 0.967117 0.00453931 -3.0145 0.164861 -0.0479723 0.98515 367.606
0.955844 -0.239815 -0.169854 -25.6689 0.243896 0.969796 0.00327028 -3.19525 0.16394 -0.0445527 0.985464 369.434
0.956938 -0.235865 -0.169228 -25.8999 0.239968 0.970773 0.00391661 -3.29047 0.163358 -0.0443572 0.985569 370.97
0.957335 -0.236089 -0.16665 -26.2717 0.239752 0.970832 0.00192189 -3.22541 0.161335 -0.0417946 0.986014 372.589
0.960928 -0.224921 -0.161331 -26.7311 0.227942 0.973675 0.000223763 -3.14636 0.157034 -0.0369893 0.9869 374.24
0.961037 -0.223594 -0.162523 -26.9224 0.226485 0.974014 -0.000754975 -3.14896 0.158469 -0.0360836 0.986704 375.913
0.961433 -0.221045 -0.163663 -27.0901 0.224119 0.974562 0.000323071 -3.35456 0.159429 -0.0369907 0.986516 378.029
0.965664 -0.205035 -0.159543 -27.4161 0.20793 0.978143 0.00148258 -3.56254 0.155752 -0.0346054 0.98719 379.325
0.965586 -0.204263 -0.160997 -27.6004 0.20698 0.978345 0.000106803 -3.56302 0.157489 -0.0334263 0.986955 380.97
0.967837 -0.195378 -0.158488 -27.6437 0.197674 0.980267 -0.00129739 -3.62613 0.155614 -0.0300734 0.98736 382.004
0.966146 -0.203668 -0.158371 -28.0459 0.20582 0.978586 -0.00286856 -3.43069 0.155563 -0.0298244 0.987376 383.978
0.969935 -0.184957 -0.158167 -28.2426 0.186495 0.982442 -0.00519565 -3.44738 0.156351 -0.024458 0.987399 386.344
0.969577 -0.189256 -0.155251 -28.8158 0.18967 0.981771 -0.0122792 -3.19998 0.154744 -0.0175407 0.987799 389.444
0.971546 -0.177272 -0.157076 -29.0301 0.176562 0.984114 -0.0185765 -3.26856 0.157874 -0.00968575 0.987412 392.5
0.975036 -0.160255 -0.153698 -29.3649 0.159763 0.987032 -0.0156265 -3.4176 0.154209 -0.00931876 0.987994 393.884
0.974184 -0.15794 -0.161311 -29.482 0.157176 0.987414 -0.0175718 -3.52143 0.162056 -0.00823606 0.986747 397.091
0.975191 -0.144985 -0.16728 -29.553 0.143692 0.989423 -0.0198704 -3.66466 0.168392 -0.00465939 0.985709 400.085
0.977103 -0.134442 -0.164907 -29.843 0.132331 0.990921 -0.0237711 -3.67079 0.166606 0.0014045 0.986023 401.696
0.980067 -0.117163 -0.160439 -30.1052 0.113607 0.993036 -0.0311908 -3.50473 0.162976 0.0123421 0.986553 403.287
0.980454 -0.113832 -0.160477 -30.3267 0.110233 0.993417 -0.0311817 -3.60205 0.16297 0.0128824 0.986547 405.001
0.984581 -0.0592123 -0.164602 -28.8631 0.0560724 0.998146 -0.0236614 -4.43402 0.165698 0.014067 0.986076 404.673
0.982674 -0.0682378 -0.172324 -29.3129 0.0647702 0.99757 -0.0256726 -4.49177 0.173657 0.0140664 0.984706 408.34
0.979993 -0.100775 -0.171635 -30.1143 0.0963508 0.994769 -0.0339389 -4.33379 0.174157 0.0167227 0.984576 412.303
0.971403 -0.147787 -0.185837 -30.6809 0.143376 0.988975 -0.0370303 -4.22721 0.189261 0.00932677 0.981882 416.18
0.970833 -0.149157 -0.187711 -30.7255 0.14479 0.988776 -0.0368439 -4.29242 0.1911 0.0085906 0.981533 417.43
0.972756 -0.13865 -0.185799 -31.2541 0.132697 0.990172 -0.0441651 -4.25334 0.190096 0.0183071 0.981595 419.635
0.971345 -0.140383 -0.191786 -31.2264 0.1344 0.989953 -0.0439243 -4.35188 0.196025 0.0168895 0.980453 421.582
0.972115 -0.134428 -0.192148 -31.4376 0.128245 0.990752 -0.0443182 -4.52788 0.196329 0.0184402 0.980365 422.995
0.961951 -0.181129 -0.204553 -32.5104 0.174118 0.983355 -0.0519237 -4.28009 0.210553 0.0143317 0.977477 427.353
