0.999994 -0.00116055 -0.00330855 0.045059 0.00115597 0.999998 -0.00138482 0.00567622 0.00331015 0.00138099 0.999994 0.624181
0.999926 0.00289034 -0.0118219 0.312937 -0.00295502 0.999981 -0.00545735 0.0496333 0.0118059 0.00549188 0.999915 1.35079
0.999888 0.00135326 -0.014884 0.361055 -0.00143153 0.999985 -0.00524912 -0.0405927 0.0148767 0.00526984 0.999875 1.79612
0.999857 -0.000886908 -0.0169101 0.340511 0.000782882 0.999981 -0.00615734 -0.068307 0.0169152 0.00614322 0.999838 2.38079
0.999776 -0.00236016 -0.021015 0.410434 0.00225852 0.999986 -0.00485892 -0.266083 0.0210261 0.00481037 0.999767 2.88889
0.999664 -0.00642065 -0.0251101 0.483088 0.0062102 0.999945 -0.0084504 -0.259591 0.025163 0.00829162 0.999649 3.53897
0.999665 -0.00250654 -0.0257768 0.458359 0.00225522 0.99995 -0.00977429 -0.226075 0.0258 0.00971288 0.99962 4.24358
0.999701 -0.0051603 -0.0239105 0.352076 0.00489961 0.999928 -0.0109484 -0.220623 0.0239653 0.010828 0.999654 4.82488
0.999681 -0.00689696 -0.0243141 0.315671 0.00666075 0.99993 -0.0097824 -0.326137 0.0243798 0.00961732 0.999657 5.44037
0.999835 -0.00633971 -0.0170434 0.0163512 0.00611016 0.99989 -0.0134875 -0.302464 0.017127 0.0133811 0.999764 5.97562
0.99983 -0.000201398 -0.018447 0.0181624 -0.000172222 0.999795 -0.0202499 -0.270667 0.0184473 0.0202496 0.999625 6.65571
0.999817 -0.000380594 -0.0191485 0.0199822 -1.9606e-05 0.999782 -0.0208953 -0.237166 0.0191523 0.0208918 0.999598 7.06552
0.999766 0.00724236 -0.0203711 0.037029 -0.00754531 0.999862 -0.0148339 -0.200715 0.0202608 0.0149841 0.999682 7.77309
0.999764 0.00698532 -0.0205843 -0.0154594 -0.00710386 0.999959 -0.00569103 -0.171537 0.0205437 0.00583592 0.999772 8.49375
0.999435 0.0239671 -0.0235718 0.0299488 -0.0238449 0.999701 0.00545255 -0.31626 0.0236955 -0.0048874 0.999707 9.34163
0.999339 0.0262692 -0.0251482 0.0907933 -0.0262073 0.999653 0.00278689 -0.251778 0.0252127 -0.00212598 0.99968 9.7746
0.999317 0.0304272 -0.0209883 -0.0692955 -0.0305002 0.99953 -0.0031685 -0.306817 0.020882 0.00380649 0.999775 10.5885
0.999354 0.0285216 -0.0218755 -0.0848637 -0.0287636 0.999528 -0.0108289 -0.258387 0.0215563 0.0114511 0.999702 11.2679
0.99868 0.0441732 -0.0261978 0.00985977 -0.0444357 0.998967 -0.00952077 -0.370528 0.0257502 0.0106723 0.999611 11.8194
0.999135 0.0338307 -0.0241779 -0.142768 -0.0339561 0.999412 -0.00479892 -0.229713 0.0240013 0.00561576 0.999696 12.8788
0.999167 0.0374539 -0.0161831 -0.394126 -0.0373709 0.999287 0.00540045 -0.31662 0.0163738 -0.00479117 0.999854 13.8393
0.999524 0.0212626 -0.022364 -0.319713 -0.0214644 0.999731 -0.00882596 0.0958847 0.0221703 0.00930178 0.999711 14.6969
0.998892 0.0419223 -0.0213642 -0.406703 -0.0421397 0.999063 -0.00982718 -0.0879058 0.0209323 0.0107166 0.999723 15.704
0.998813 0.0440951 -0.0207106 -0.444737 -0.0443449 0.998947 -0.0117641 -0.117864 0.02017 0.0126686 0.999716 16.5251
0.999249 0.0331651 -0.0200273 -0.447432 -0.0334904 0.999309 -0.0161351 -0.0717607 0.0194783 0.0167937 0.999669 17.3073
0.999403 0.0271859 -0.0213216 -0.422626 -0.027707 0.999315 -0.0245378 -0.0489882 0.0206399 0.025114 0.999472 18.1653
0.99913 0.0342309 -0.0238162 -0.305164 -0.0349225 0.998962 -0.0292575 -0.160545 0.0227899 0.0300637 0.999288 18.9098
0.998984 0.0374257 -0.0251136 -0.315091 -0.0382676 0.998691 -0.0339275 -0.207123 0.023811 0.0348541 0.999109 19.7241
0.99837 0.0477207 -0.0312924 -0.139999 -0.0487167 0.998304 -0.0318804 -0.336326 0.029718 0.0333529 0.999002 20.3314
0.998325 0.0472797 -0.0333309 -0.136283 -0.0483395 0.998326 -0.0317412 -0.373718 0.0317744 0.0332993 0.99894 21.2185
0.99835 0.0490418 -0.0298545 -0.260682 -0.0500183 0.998207 -0.0328904 -0.43123 0.028188 0.0343294 0.999013 22.1572
0.997987 0.0440694 -0.0456119 0.0560082 -0.045951 0.998099 -0.0410616 -0.380835 0.0437157 0.0430749 0.998115 22.902
0.996367 0.0699357 -0.0485968 0.0961177 -0.0721535 0.996356 -0.045488 -0.47101 0.0452385 0.0488292 0.997782 23.669
0.996268 0.0700233 -0.0504618 0.111627 -0.0722792 0.996397 -0.0443594 -0.555561 0.0471739 0.0478412 0.99774 24.651
0.997311 0.0533615 -0.0502258 0.0613932 -0.0556206 0.99745 -0.0447115 -0.514368 0.0477119 0.0473848 0.997737 25.627
0.996857 0.0604038 -0.0512637 0.0329887 -0.0626447 0.997096 -0.0432926 -0.623955 0.0484998 0.0463679 0.997746 26.5758
0.996328 0.0669037 -0.0534342 0.0112599 -0.0693099 0.996601 -0.0445233 -0.671408 0.0502738 0.0480633 0.997578 27.5504
0.996498 0.0632526 -0.0546845 -0.0359642 -0.0655672 0.99698 -0.0416214 -0.765941 0.0518866 0.0450611 0.997636 28.556
0.996114 0.069065 -0.0546604 -0.143888 -0.0714224 0.996544 -0.0424178 -0.783281 0.0515419 0.046157 0.997604 29.5947
0.996183 0.068899 -0.0535979 -0.216253 -0.0712662 0.996505 -0.0435822 -0.8474 0.0504078 0.0472356 0.997611 30.5846
0.996351 0.0667307 -0.0532203 -0.310302 -0.0690229 0.996711 -0.0424627 -0.93317 0.0502117 0.0459811 0.99768 31.5912
0.996919 0.0578699 -0.0529494 -0.381518 -0.0601475 0.997285 -0.0424826 -1.05121 0.0503471 0.0455365 0.997693 32.6446
0.996936 0.0641744 -0.0447261 -0.500574 -0.0662677 0.996694 -0.0470061 -1.01132 0.0415617 0.049826 0.997893 33.7467
0.99583 0.0754044 -0.0513479 -0.472062 -0.078016 0.995651 -0.0509117 -0.978131 0.0472857 0.0547054 0.997382 34.8807
0.995811 0.0763576 -0.0502952 -0.558435 -0.0788271 0.995679 -0.0490951 -1.0276 0.0463291 0.052854 0.997527 35.9083
0.995906 0.0758604 -0.0491619 -0.631022 -0.0782578 0.995737 -0.0488269 -1.09949 0.0452483 0.0524743 0.997597 36.9796
0.995831 0.0765004 -0.0496917 -0.726429 -0.0790051 0.995591 -0.0505634 -1.16538 0.0456045 0.0542785 0.997484 38.1054
0.995798 0.0797245 -0.0450632 -0.868065 -0.0821389 0.995128 -0.0545379 -1.19384 0.0404956 0.0580102 0.997494 39.1359
0.995757 0.081426 -0.0428683 -0.967694 -0.0837959 0.994866 -0.0567407 -1.23556 0.0380281 0.0600921 0.997468 40.1874
0.995601 0.0833007 -0.0428962 -1.06051 -0.0855489 0.994894 -0.0535525 -1.36135 0.0382162 0.0569866 0.997643 41.3009
0.99659 0.0696399 -0.0442531 -1.06398 -0.0719164 0.996048 -0.0521217 -1.34258 0.0404485 0.0551265 0.99766 42.3608
0.996559 0.0705999 -0.0434193 -1.18538 -0.0729105 0.995867 -0.0541582 -1.38169 0.0394163 0.0571376 0.997588 43.4994
0.995304 0.0851613 -0.0460269 -1.25881 -0.0875846 0.99472 -0.0534817 -1.63108 0.0412293 0.0572617 0.997508 44.705
0.995548 0.0790663 -0.0513177 -1.3022 -0.0817855 0.995227 -0.0532475 -1.67793 0.0468626 0.0572074 0.997262 46.0502
0.995106 0.0815246 -0.0558394 -1.31217 -0.0845262 0.994974 -0.0536824 -1.76342 0.0511824 0.0581396 0.996996 47.1739
0.995963 0.0731417 -0.0520375 -1.48288 -0.0758001 0.995813 -0.0510892 -1.79428 0.0480829 0.0548274 0.997337 48.3465
0.996055 0.0699498 -0.0546067 -1.61265 -0.0728679 0.99591 -0.0534128 -1.7747 0.0506472 0.0571811 0.997078 49.7379
0.995407 0.0778755 -0.055682 -1.65102 -0.080901 0.995241 -0.0543185 -1.86557 0.0511869 0.0585737 0.99697 50.7749
0.995557 0.0756225 -0.0561073 -1.75402 -0.0786673 0.995426 -0.0542029 -1.93007 0.0517517 0.0583759 0.996952 51.9534
0.996471 0.0688999 -0.0479339 -2.0634 -0.071789 0.995527 -0.0614172 -1.89592 0.0434878 0.0646416 0.996961 53.2722
0.996376 0.0674288 -0.0518473 -2.01973 -0.0707659 0.995342 -0.0654752 -1.97211 0.0471909 0.068907 0.996506 54.2933
0.996379 0.0676011 -0.0515692 -2.06735 -0.0711146 0.995034 -0.0696478 -2.00375 0.0466048 0.0730629 0.996238 55.3145
0.996492 0.0636844 -0.0542923 -2.05338 -0.0676464 0.994919 -0.0745656 -2.09102 0.0492677 0.0779767 0.995737 56.3145
0.996177 0.0669303 -0.0561345 -2.08402 -0.071166 0.994472 -0.0772009 -2.22442 0.0506571 0.0809006 0.995434 57.3876
0.996135 0.0669879 -0.0568119 -2.08834 -0.0711164 0.994714 -0.0740645 -2.34398 0.0515502 0.0778185 0.995634 58.4122
0.996824 0.0559133 -0.0567047 -2.10187 -0.0597129 0.995918 -0.0676868 -2.39673 0.0526887 0.0708579 0.996094 59.4682
0.996528 0.0650423 -0.0519824 -2.27811 -0.068233 0.995731 -0.0621647 -2.53949 0.0477171 0.0654957 0.996711 60.6236
0.997577 0.0432735 -0.0544767 -2.2364 -0.0465249 0.997119 -0.0599023 -2.54688 0.0517276 0.0622917 0.996717 61.648
0.998002 0.0362902 -0.0517193 -2.34433 -0.0394981 0.997268 -0.0624153 -2.70263 0.049313 0.0643334 0.996709 62.7795
0.998055 0.0368221 -0.0503098 -2.46418 -0.0401027 0.997024 -0.0658348 -2.7915 0.0477359 0.0677243 0.996561 63.9237
0.997778 0.0380179 -0.0547086 -2.38871 -0.0416614 0.996878 -0.067076 -2.92055 0.0519877 0.0692062 0.996247 64.8127
0.997923 0.0408953 -0.0497651 -2.77371 -0.0445166 0.996266 -0.0739786 -2.96437 0.0465539 0.0760403 0.996017 66.5247
0.997948 0.0415201 -0.0487441 -2.83604 -0.045122 0.996141 -0.075282 -3.04645 0.0454303 0.0773269 0.99597 67.6134
0.997744 0.0461991 -0.0487051 -2.88826 -0.0496104 0.996218 -0.0713292 -3.14857 0.0452256 0.0735845 0.996263 68.7119
0.997555 0.0513715 -0.0473728 -2.9588 -0.0544326 0.996349 -0.0657676 -3.33054 0.0438213 0.0681855 0.99671 69.8011
0.996636 0.0675634 -0.0463794 -3.03885 -0.0705832 0.99526 -0.0668975 -3.47325 0.0416397 0.0699461 0.996681 70.7839
0.997342 0.0566888 -0.0457707 -3.09093 -0.0596635 0.996002 -0.0664788 -3.50597 0.0418191 0.069033 0.996737 71.8794
0.997409 0.0558401 -0.0453516 -3.13047 -0.0587104 0.99618 -0.06464 -3.61786 0.0415689 0.0671351 0.996878 72.8304
0.99748 0.0536444 -0.0464413 -3.13597 -0.0566008 0.996287 -0.0648771 -3.65538 0.0427886 0.0673422 0.996812 73.9259
0.997468 0.0526097 -0.0478524 -3.18814 -0.0554762 0.996614 -0.0606888 -3.79066 0.0444976 0.0631898 0.997009 75.0188
0.997907 0.0474908 -0.043886 -3.41046 -0.0503152 0.996572 -0.0656664 -3.80743 0.040617 0.0677371 0.996876 76.3089
0.997261 0.0581676 -0.0456772 -3.41283 -0.061275 0.995673 -0.0698665 -3.96303 0.0414156 0.072474 0.99651 77.2694
0.997179 0.0573996 -0.0483646 -3.41655 -0.0607753 0.995588 -0.0714887 -4.07873 0.0440478 0.0742264 0.996268 78.455
0.996989 0.0606666 -0.0483038 -3.50307 -0.0639675 0.995493 -0.0700094 -4.16726 0.0438389 0.0728885 0.996376 79.5857
0.996774 0.0640732 -0.0483317 -3.54291 -0.0671974 0.995551 -0.066053 -4.27899 0.0438845 0.0690877 0.996645 80.8504
0.996545 0.0649372 -0.0517834 -3.3985 -0.0681146 0.995739 -0.0621591 -4.32524 0.0475263 0.0654716 0.996722 81.8093
0.996422 0.0667706 -0.051814 -3.46243 -0.0699545 0.995604 -0.0622821 -4.40758 0.0474276 0.0656839 0.996713 82.8456
0.996069 0.06867 -0.0559521 -3.42683 -0.0719367 0.995685 -0.058626 -4.77699 0.0516848 0.0624206 0.996711 84.0947
0.995929 0.0730494 -0.0528134 -3.57755 -0.0761665 0.99531 -0.0596357 -4.81593 0.0482094 0.0634155 0.996822 85.0564
0.994883 0.0844922 -0.0554041 -3.56728 -0.0876526 0.9945 -0.0573341 -5.05535 0.0502551 0.061897 0.996817 85.9607
0.994484 0.0886528 -0.0560547 -3.55725 -0.0918431 0.994132 -0.057157 -5.14683 0.0506587 0.0619899 0.99679 86.7256
0.994285 0.0918001 -0.0545039 -3.60864 -0.0949213 0.993809 -0.0577398 -5.20228 0.048866 0.0625833 0.996843 87.5472
0.995916 0.0733932 -0.0525891 -3.75255 -0.0760592 0.995817 -0.0506238 -5.38529 0.0486537 0.0544169 0.997332 88.4611
0.996472 0.0649824 -0.0531174 -3.79275 -0.0675495 0.996558 -0.0480519 -5.42065 0.0498121 0.0514705 0.997431 89.4418
0.996283 0.0659445 -0.0554187 -3.85489 -0.0686095 0.996505 -0.0476455 -5.4793 0.0520831 0.0512706 0.997326 90.4245
0.996635 0.0602732 -0.0555549 -3.99423 -0.0631648 0.996655 -0.0518528 -5.41715 0.0522438 0.0551874 0.997108 91.3014
0.99633 0.0604971 -0.0605555 -4.02426 -0.0636487 0.99664 -0.0515436 -5.49385 0.0572338 0.0552087 0.996833 92.2157
0.996252 0.058999 -0.0632542 -4.12768 -0.0623229 0.996704 -0.0519285 -5.51903 0.059982 0.0556761 0.996646 93.2158
0.995973 0.0595791 -0.0669992 -4.18083 -0.0630707 0.996692 -0.051264 -5.58363 0.0637233 0.0552832 0.996435 94.0991
0.995614 0.0620383 -0.0700328 -4.29685 -0.0655765 0.996624 -0.0494053 -5.66418 0.0667314 0.0537811 0.99632 95.0627
0.994308 0.0753249 -0.075356 -4.14999 -0.0795204 0.995352 -0.0543139 -5.5691 0.0709146 0.059997 0.995676 95.5996
0.994104 0.0755341 -0.0777967 -4.21198 -0.0798857 0.995317 -0.0544269 -5.57589 0.0733213 0.0603209 0.995482 96.4385
0.993934 0.0746623 -0.0807568 -4.24793 -0.0789987 0.995523 -0.0519024 -5.69623 0.0765201 0.0579672 0.995382 97.2109
0.992173 0.0902618 -0.0862885 -4.15136 -0.0946961 0.994312 -0.0487496 -5.97312 0.0813974 0.0565392 0.995077 97.8111
0.991968 0.0947187 -0.0838296 -4.55006 -0.0991496 0.993797 -0.0503653 -6.19907 0.0785391 0.0582724 0.995206 98.5544
0.991392 0.0971469 -0.0877792 -4.37229 -0.101917 0.993454 -0.0515942 -6.32654 0.0821924 0.0600963 0.994803 98.9544
0.99139 0.0978629 -0.0869982 -4.58969 -0.102768 0.993249 -0.0538045 -6.4053 0.0811454 0.0622819 0.994754 99.6343
0.991816 0.099227 -0.080338 -5.03803 -0.10381 0.993074 -0.0550271 -6.43116 0.0743214 0.0629167 0.995248 100.479
0.991831 0.0973083 -0.0824766 -4.92882 -0.101996 0.993282 -0.0546629 -6.4852 0.0766034 0.0626287 0.995093 101.075
0.991853 0.100206 -0.0786493 -5.0341 -0.104564 0.993084 -0.0533978 -6.51609 0.0727546 0.0611867 0.995471 101.751
0.991727 0.105362 -0.0733207 -5.08682 -0.109224 0.992718 -0.0508066 -6.6184 0.0674337 0.0583946 0.996013 102.353
0.991466 0.113184 -0.0646948 -5.16618 -0.11623 0.992183 -0.045416 -6.83293 0.0590487 0.0525479 0.996871 102.818
0.992509 0.110573 -0.0519609 -5.37229 -0.112994 0.99252 -0.0462256 -6.83988 0.0464609 0.0517506 0.997579 103.641
0.993452 0.107007 -0.0400303 -5.40396 -0.108808 0.993002 -0.0459021 -6.82349 0.0348383 0.0499572 0.998144 103.844
0.993921 0.105742 -0.0306417 -5.23882 -0.107098 0.993155 -0.0466121 -6.87574 0.0255031 0.0496104 0.998443 104.362
0.994866 0.0995175 -0.0183586 -5.12426 -0.100296 0.993802 -0.0479393 -6.87636 0.013474 0.0495345 0.998682 105.204
0.996202 0.0870463 -0.00190551 -4.97969 -0.0870282 0.994863 -0.0517031 -6.87752 -0.00260484 0.0516726 0.998661 105.271
0.995972 0.087486 0.0196289 -4.93719 -0.0862249 0.994595 -0.0578507 -6.93349 -0.0245839 0.0559252 0.998132 105.724
0.99492 0.0906883 0.0436958 -4.92901 -0.0877771 0.994051 -0.0644827 -7.00531 -0.0492837 0.0603197 0.996962 106.308
0.993703 0.0853982 0.0725391 -4.96125 -0.0803538 0.994318 -0.0698259 -6.95762 -0.0780899 0.0635574 0.994918 106.8
0.992394 0.0735843 0.0986846 -4.79245 -0.066348 0.994996 -0.0747092 -6.86891 -0.103688 0.0675935 0.99231 107.191
0.988444 0.0763109 0.130974 -4.63862 -0.0662968 0.994652 -0.0791922 -6.91155 -0.136317 0.069594 0.988218 107.441
0.983315 0.0755968 0.16546 -4.51275 -0.0623869 0.994542 -0.0836352 -6.91594 -0.170879 0.0719172 0.982664 107.968
0.976198 0.0738577 0.203917 -4.41463 -0.0568582 0.994496 -0.0880078 -6.89059 -0.209295 0.0743187 0.975024 108.38
0.9672 0.0722353 0.243529 -4.28538 -0.0511569 0.994462 -0.0918015 -6.9062 -0.248811 0.0763322 0.965539 108.728
0.955384 0.0788871 0.284636 -4.17096 -0.0529668 0.99381 -0.0976515 -6.90475 -0.290578 0.0782184 0.953649 109.008
0.939914 0.0842826 0.330843 -4.09122 -0.0527971 0.993275 -0.103043 -6.89129 -0.337303 0.0793839 0.938043 109.242
0.923799 0.0820736 0.373978 -3.80206 -0.0472363 0.993724 -0.1014 -7.0183 -0.379953 0.0760083 0.921878 109.626
0.904655 0.0808158 0.418412 -3.6905 -0.0411745 0.993836 -0.102934 -7.04289 -0.424151 0.0758921 0.902406 109.859
0.882703 0.079858 0.463095 -3.52927 -0.0368014 0.994176 -0.101293 -7.10904 -0.468487 0.0723689 0.880501 110.09
0.857882 0.0803224 0.50753 -3.33672 -0.0307066 0.993956 -0.105401 -7.14622 -0.512928 0.0748373 0.855163 110.393
0.832947 0.0824437 0.547177 -3.24491 -0.0298556 0.994094 -0.104333 -7.22552 -0.552547 0.0705676 0.830489 110.498
0.802686 0.093898 0.588964 -2.96974 -0.036653 0.993428 -0.108428 -7.26927 -0.595275 0.0654462 0.800853 110.822
0.768621 0.100051 0.631832 -2.72868 -0.0405331 0.993326 -0.107985 -7.37002 -0.638419 0.0573893 0.767547 111.076
0.72803 0.113433 0.676095 -2.4944 -0.0519533 0.992509 -0.110575 -7.37579 -0.683574 0.0453768 0.72847 111.371
0.685997 0.118832 0.717835 -2.23289 -0.0580203 0.992366 -0.108831 -7.49817 -0.725288 0.0330087 0.687654 111.62
0.644668 0.112981 0.756067 -2.06037 -0.047234 0.993016 -0.108114 -7.57296 -0.763002 0.0339853 0.645503 111.806
0.607766 0.105197 0.787118 -1.83427 -0.0496807 0.994282 -0.0945231 -7.73201 -0.792561 0.0183433 0.609517 111.842
0.559671 0.104713 0.822072 -1.55207 -0.0593549 0.994502 -0.0862676 -7.90164 -0.826586 -0.000512524 0.56281 112.045
0.514061 0.101352 0.851745 -1.11929 -0.0479181 0.994837 -0.0894585 -7.90194 -0.856414 0.00517314 0.516264 112.247
0.456979 0.107896 0.882909 -0.647421 -0.0637569 0.994036 -0.0884766 -7.94429 -0.88719 -0.0158596 0.461133 112.544
0.40797 0.109528 0.906402 -0.327598 -0.0647612 0.993749 -0.0909345 -7.96038 -0.910696 -0.0216011 0.412513 112.639
0.355945 0.114872 0.92742 -0.17628 -0.0834605 0.992358 -0.0908827 -8.12147 -0.930773 -0.0450537 0.362812 112.605
0.304272 0.118454 0.945192 0.0662874 -0.0888726 0.991441 -0.0956401 -8.20298 -0.94843 -0.0549011 0.312195 112.67
0.253544 0.126554 0.95901 0.718842 -0.0708448 0.991172 -0.112068 -8.07962 -0.964726 -0.0395266 0.260272 112.989
0.21452 0.126245 0.968526 0.931187 -0.0605174 0.991424 -0.115825 -8.08164 -0.974843 -0.0337658 0.220321 112.94
0.17793 0.123269 0.976292 0.881778 -0.0706202 0.991164 -0.112276 -8.29677 -0.981506 -0.0489686 0.185063 112.697
0.147115 0.123208 0.981416 1.22316 -0.0612696 0.991441 -0.115282 -8.33586 -0.98722 -0.0431713 0.153404 112.755
0.11658 0.122503 0.985597 1.76788 -0.0679892 0.99102 -0.115135 -8.44707 -0.990851 -0.0535875 0.123862 112.856
0.0890541 0.116923 0.98914 2.15015 -0.0735261 0.991148 -0.110541 -8.53139 -0.993309 -0.0628835 0.0968627 112.894
0.0647464 0.111854 0.991613 2.26028 -0.0835092 0.99082 -0.106312 -8.57725 -0.994401 -0.0759254 0.0734929 112.743
0.0377696 0.110312 0.993179 2.97979 -0.084274 0.990699 -0.106832 -8.69376 -0.995727 -0.0796642 0.0467148 112.941
0.0197677 0.112206 0.993488 3.41209 -0.0630003 0.991848 -0.110767 -8.65777 -0.997818 -0.0604004 0.0266756 112.876
-0.0013321 0.114972 0.993368 4.03849 -0.0715354 0.990813 -0.114772 -8.75005 -0.997437 -0.0712139 0.00690472 112.925
-0.0198136 0.111626 0.993553 4.62103 -0.0741038 0.99085 -0.112801 -8.94489 -0.997054 -0.075861 -0.0113603 112.987
-0.034164 0.115278 0.992746 5.19785 -0.0876098 0.989156 -0.117877 -9.09587 -0.995569 -0.0910014 -0.023694 113.014
-0.0384396 0.113935 0.992744 5.72396 -0.0913153 0.988921 -0.117032 -9.20104 -0.99508 -0.0951514 -0.0276098 112.92
-0.0439941 0.116137 0.992258 6.3635 -0.080431 0.989584 -0.11939 -9.19411 -0.995789 -0.0850608 -0.0341948 112.891
-0.0426456 0.11483 0.992469 7.03694 -0.0733748 0.990331 -0.117735 -9.26057 -0.996392 -0.0778431 -0.0338077 112.867
-0.0401097 0.10971 0.993154 7.51189 -0.0854722 0.989934 -0.112806 -9.42653 -0.995533 -0.0894117 -0.0303288 112.816
-0.0398174 0.10959 0.993179 8.22349 -0.0896387 0.989568 -0.112785 -9.52403 -0.995178 -0.0935181 -0.0295786 112.826
-0.0375822 0.112204 0.992974 9.15632 -0.0845226 0.989758 -0.11504 -9.61595 -0.995713 -0.0882522 -0.0277135 112.871
-0.034765 0.113435 0.992937 9.94266 -0.084108 0.989681 -0.116008 -9.6922 -0.99585 -0.0875469 -0.0248654 112.778
-0.031064 0.114045 0.99299 10.683 -0.0829535 0.989748 -0.116268 -9.77632 -0.996069 -0.0859838 -0.0212851 112.709
-0.0286945 0.111519 0.993348 11.4516 -0.0797788 0.990332 -0.113485 -9.95489 -0.9964 -0.0825045 -0.0195202 112.665
-0.0230034 0.1093 0.993743 12.1728 -0.0689168 0.991468 -0.110645 -10.0297 -0.997357 -0.0710308 -0.0152745 112.578
-0.0209779 0.108446 0.993881 12.8259 -0.0632226 0.991966 -0.109571 -10.0223 -0.997779 -0.0651343 -0.0139532 112.474
-0.021818 0.10621 0.994104 13.7249 -0.0662128 0.992004 -0.107439 -10.1895 -0.997567 -0.0681665 -0.0146111 112.455
-0.0222964 0.106396 0.994074 14.5238 -0.0679499 0.99186 -0.107683 -10.2642 -0.99744 -0.0699481 -0.0148853 112.433
-0.0226811 0.103441 0.994377 15.3441 -0.0603393 0.992678 -0.104641 -10.3529 -0.99792 -0.0623733 -0.0162735 112.425
-0.0233158 0.100976 0.994616 15.9576 -0.054006 0.993306 -0.102109 -10.4544 -0.998268 -0.0560959 -0.0177064 112.402
-0.0232615 0.0963572 0.995075 16.6727 -0.0603344 0.993395 -0.0976049 -10.6488 -0.997907 -0.0623077 -0.0172942 112.358
-0.0241734 0.100275 0.994666 17.5458 -0.0641605 0.99275 -0.101641 -10.7696 -0.997647 -0.0662753 -0.0175645 112.354
-0.0198018 0.107006 0.994061 18.313 -0.0615609 0.992239 -0.108036 -10.7742 -0.997907 -0.0633346 -0.0130607 112.17
-0.0204572 0.10728 0.994018 19.091 -0.0620464 0.992174 -0.108358 -10.8669 -0.997864 -0.063892 -0.0136407 112.187
-0.0208598 0.103132 0.994449 19.9289 -0.0667976 0.992299 -0.104311 -10.9973 -0.997548 -0.0686027 -0.0138102 112.155
-0.0231487 0.0993497 0.994783 20.7677 -0.0696627 0.992471 -0.10074 -11.0338 -0.997302 -0.0716313 -0.0160534 112.14
-0.0172479 0.0962241 0.99521 21.605 -0.0472206 0.994169 -0.0969418 -11.0213 -0.998736 -0.0486664 -0.0126036 112.046
-0.0176982 0.0895043 0.995829 22.4887 -0.0484383 0.994739 -0.0902672 -11.1602 -0.998669 -0.0498338 -0.0132697 112.013
-0.019883 0.0856979 0.996123 23.0154 -0.0521776 0.994873 -0.0866319 -11.2551 -0.99844 -0.0536978 -0.0153095 112.055
-0.0205808 0.0973465 0.995038 23.8923 -0.0576018 0.99348 -0.0983855 -11.2746 -0.998127 -0.0593409 -0.0148392 112.039
-0.0189568 0.10746 0.994029 24.7641 -0.0560179 0.992531 -0.108366 -11.3891 -0.99825 -0.0577377 -0.0127956 112.023
-0.0215117 0.110936 0.993595 25.7544 -0.0639985 0.991634 -0.112103 -11.5858 -0.997718 -0.0660001 -0.014232 112.037
-0.0182201 0.107141 0.994077 26.556 -0.0503885 0.99288 -0.107936 -11.6253 -0.998563 -0.0520566 -0.0126917 111.996
-0.00224243 0.0991191 0.995073 26.7455 -0.00815731 0.995041 -0.0991343 -11.6432 -0.999964 -0.00833943 -0.00142277 111.647
0.00269745 0.0988155 0.995102 27.5852 0.0160325 0.994974 -0.0988462 -11.6675 -0.999868 0.0162206 0.00109963 111.601
0.00420158 0.100386 0.99494 28.3961 0.0251475 0.994623 -0.100461 -11.7248 -0.999675 0.0254423 0.00165452 111.586
-0.000190055 0.0964389 0.995339 28.4617 -0.00181807 0.995337 -0.0964391 -11.9595 -0.999998 -0.00182793 -1.38361e-05 111.415
-0.00403325 0.0972361 0.995253 29.2091 -0.000522439 0.995261 -0.097239 -11.9908 -0.999992 -0.000912149 -0.00396334 111.436
-0.00192986 0.0987134 0.995114 29.6704 0.00780026 0.995087 -0.0986956 -12.0106 -0.999968 0.00757168 -0.00269036 111.319
-0.00414436 0.100561 0.994922 30.6663 0.00919041 0.994893 -0.10052 -12.084 -0.999949 0.00872715 -0.00504739 111.352
-0.0109236 0.102976 0.994624 31.7949 0.00329176 0.994682 -0.102945 -12.2155 -0.999935 0.00214953 -0.0112045 111.471
-0.0160976 0.102269 0.994626 32.477 -0.00940025 0.994696 -0.102429 -12.275 -0.999826 -0.0109986 -0.0150508 111.461
-0.020534 0.0998738 0.994788 33.6475 -0.0195077 0.994769 -0.100275 -12.4361 -0.999599 -0.0214651 -0.0184783 111.543
-0.0257262 0.0992421 0.994731 34.7693 -0.0256051 0.994668 -0.0998981 -12.5757 -0.999341 -0.0280402 -0.0230479 111.754
-0.0292669 0.105408 0.993998 35.5013 -0.0282401 0.99394 -0.106233 -12.6035 -0.999173 -0.0311797 -0.0261128 111.76
-0.0299543 0.105732 0.993943 36.2833 -0.0294385 0.993865 -0.106611 -12.6934 -0.999118 -0.0324537 -0.0266579 111.739
-0.0285608 0.105419 0.994018 36.9914 -0.0189771 0.994187 -0.105983 -12.7127 -0.999412 -0.0218905 -0.0263942 111.67
-0.0308911 0.103112 0.99419 37.5649 -0.0288525 0.994158 -0.104005 -12.8578 -0.999106 -0.0318977 -0.0277356 111.568
-0.0299041 0.105319 0.993989 38.6193 -0.0173264 0.994229 -0.105866 -12.9308 -0.999403 -0.020388 -0.0279067 111.672
-0.0304001 0.105491 0.993955 39.4068 -0.0187018 0.994181 -0.106087 -13.006 -0.999363 -0.0218138 -0.0282503 111.669
-0.0291356 0.105129 0.994032 40.1502 -0.0132167 0.994326 -0.105547 -13.0647 -0.999488 -0.016213 -0.0275808 111.591
-0.0263193 0.107746 0.99383 40.7978 0.00701387 0.99417 -0.107597 -13.0413 -0.999629 0.00413872 -0.0269216 111.51
-0.0300344 0.110943 0.993373 41.6485 -8.61895e-05 0.993821 -0.110996 -13.1333 -0.999549 -0.00341932 -0.0298393 111.574
-0.0270604 0.114321 0.993075 42.2845 0.00510286 0.993442 -0.114224 -13.1814 -0.999621 0.00197657 -0.0274663 111.488
-0.02744 0.113585 0.993149 42.7331 -0.00343588 0.993507 -0.113721 -13.2992 -0.999618 -0.00653284 -0.0268715 111.377
-0.0281248 0.113206 0.993173 43.3114 -0.00810395 0.993508 -0.113474 -13.3998 -0.999572 -0.0112401 -0.0270248 111.32
-0.0265844 0.114858 0.993026 44.2204 0.00128608 0.99338 -0.114864 -13.45 -0.999646 -0.00177648 -0.0265561 111.347
-0.0310971 0.111009 0.993333 44.5753 -0.0167022 0.993617 -0.111564 -13.6233 -0.999377 -0.0200602 -0.0290446 111.284
-0.0319071 0.112757 0.99311 45.3563 -0.0185099 0.993379 -0.113382 -13.6787 -0.999319 -0.0220001 -0.0296087 111.28
-0.0319746 0.1129 0.993092 45.958 -0.0156775 0.993421 -0.113442 -13.7519 -0.999366 -0.0191964 -0.0299942 111.272
-0.0289448 0.112004 0.993286 46.4613 -0.00909975 0.993632 -0.112308 -13.8689 -0.99954 -0.0122894 -0.0277413 111.129
-0.0327533 0.111681 0.993204 47.0262 -0.0127359 0.99361 -0.112147 -13.9404 -0.999382 -0.0163225 -0.0311216 111.149
-0.0373162 0.112312 0.992972 47.6538 -0.010453 0.993566 -0.112772 -14.0067 -0.999249 -0.0145878 -0.0359021 111.115
-0.0431581 0.112039 0.992766 48.3307 -0.0146081 0.993515 -0.112759 -14.0833 -0.998961 -0.0193689 -0.0412415 111.088
-0.0486802 0.118235 0.991792 49.0369 -0.0115007 0.992837 -0.118924 -14.1492 -0.998748 -0.0171955 -0.0469717 111.052
-0.0555479 0.119231 0.991311 49.6557 -0.0103769 0.992722 -0.119982 -14.2624 -0.998402 -0.0169515 -0.0539063 111.013
-0.060357 0.122982 0.990572 50.3146 0.00289762 0.992398 -0.123033 -14.2621 -0.998173 -0.00455558 -0.0602545 110.991
-0.063719 0.123749 0.990266 50.929 0.0104846 0.99231 -0.12333 -14.3001 -0.997913 0.00252401 -0.0645265 110.918
-0.064788 0.123071 0.990281 51.4749 0.0149518 0.992374 -0.122353 -14.368 -0.997787 0.00687943 -0.0661341 110.792
-0.0658021 0.127966 0.989593 52.1514 0.0217095 0.991691 -0.126794 -14.3943 -0.997596 0.0131403 -0.0680335 110.72
-0.0752844 0.125943 0.989177 52.9577 0.0103932 0.992037 -0.125516 -14.5824 -0.997108 0.000831299 -0.0759939 110.742
-0.0785488 0.122904 0.989305 53.6888 0.0134085 0.992412 -0.122225 -14.6935 -0.99682 0.00366448 -0.0796008 110.71
-0.0811706 0.121604 0.989254 54.4362 0.016932 0.992554 -0.12062 -14.7774 -0.996556 0.0069592 -0.0826252 110.677
-0.0844385 0.119177 0.989276 55.201 0.00900404 0.992872 -0.118842 -14.8495 -0.996388 -0.00112734 -0.0849097 110.627
-0.0891898 0.120391 0.988712 55.9844 0.01065 0.992727 -0.119919 -14.913 -0.995958 -0.000165714 -0.0898233 110.612
-0.0884434 0.125973 0.988083 56.6512 0.0156156 0.992024 -0.125077 -14.9775 -0.995959 0.00436727 -0.0897051 110.546
-0.0826129 0.132608 0.98772 57.3405 0.0232261 0.991095 -0.131118 -15.0586 -0.996311 0.0121088 -0.0849572 110.451
-0.0858823 0.135508 0.987047 58.3192 0.0176217 0.990759 -0.134484 -15.2024 -0.996149 0.00584369 -0.0874766 110.465
-0.0859674 0.136756 0.986868 59.0452 0.0191967 0.990578 -0.135598 -15.3079 -0.996113 0.00728765 -0.0877827 110.399
-0.0883427 0.134447 0.986975 59.4848 0.0120405 0.990921 -0.133907 -15.2616 -0.996017 5.39785e-05 -0.0891594 110.501
-0.0881045 0.128021 0.98785 60.1432 0.010842 0.991771 -0.127562 -15.42 -0.996052 -0.000528585 -0.0887675 110.421
-0.0886166 0.125149 0.988172 60.9228 0.0113033 0.992138 -0.124637 -15.5343 -0.996002 0.000124629 -0.0893345 110.336
-0.0929859 0.124941 0.987797 61.703 0.00596421 0.992148 -0.124929 -15.6654 -0.99565 -0.00572524 -0.0930009 110.302
-0.0970065 0.124644 0.987448 62.7208 0.00152607 0.992145 -0.125087 -15.8433 -0.995283 -0.0106273 -0.0964347 110.365
-0.0982046 0.123837 0.987431 63.6003 0.00556565 0.99228 -0.123892 -16.0264 -0.995151 -0.00667107 -0.0981357 110.29
-0.104344 0.122137 0.987013 64.138 -0.0158992 0.992099 -0.124447 -16.1309 -0.994414 -0.028678 -0.101578 110.163
-0.107255 0.122168 0.986697 65.29 -0.0147057 0.992118 -0.124437 -16.2994 -0.994123 -0.0278566 -0.104613 110.199
-0.109175 0.122587 0.986435 66.1309 -0.010501 0.992169 -0.124462 -16.4041 -0.993967 -0.0239468 -0.107033 110.124
-0.10665 0.128398 0.985971 66.9464 0.00603588 0.991692 -0.12849 -16.4055 -0.994278 -0.00775235 -0.106539 110.099
-0.103264 0.131837 0.985878 67.3575 0.0186456 0.991259 -0.130604 -16.4765 -0.994479 0.00489569 -0.104819 109.978
-0.10385 0.132125 0.985778 68.1308 0.0172179 0.991227 -0.131041 -16.5918 -0.994444 0.00336431 -0.105214 109.902
-0.105189 0.128701 0.986089 68.6495 0.0124281 0.991683 -0.128105 -16.7673 -0.994375 -0.00122007 -0.105914 109.802
-0.110965 0.133274 0.984847 70.0279 0.0143348 0.991079 -0.132503 -16.7392 -0.993721 -0.000585656 -0.111886 109.884
-0.11181 0.130081 0.985179 70.5692 0.0105318 0.991495 -0.12972 -16.8216 -0.993674 -0.00412823 -0.112229 109.747
-0.114951 0.129309 0.984919 71.807 0.0141726 0.991604 -0.128532 -16.9968 -0.99327 -0.00081602 -0.115818 109.813
-0.119196 0.125003 0.98497 72.5668 0.00854298 0.992135 -0.124878 -17.1954 -0.992834 -0.00647047 -0.119327 109.725
-0.121439 0.125756 0.9846 73.324 0.00590719 0.992016 -0.125975 -17.3214 -0.992581 -0.00948199 -0.121212 109.637
-0.120313 0.124097 0.984949 74.0059 0.000829929 0.992168 -0.124905 -17.4775 -0.992736 -0.0142103 -0.119474 109.437
-0.123354 0.12662 0.984252 74.8438 -0.00113259 0.991808 -0.127734 -17.651 -0.992362 -0.0168713 -0.1222 109.363
-0.122299 0.128757 0.984106 75.3883 -0.00347609 0.991488 -0.130155 -17.7544 -0.992487 -0.0193386 -0.12081 109.15
-0.124424 0.13543 0.982943 76.36 -0.00131568 0.990618 -0.136653 -17.8357 -0.992228 -0.0182962 -0.123079 109.07
-0.122864 0.137238 0.982889 77.2493 0.00151996 0.990417 -0.138099 -17.9248 -0.992422 -0.0154735 -0.121896 108.93
-0.121638 0.141499 0.982437 78.2804 0.0114765 0.989921 -0.141156 -17.994 -0.992508 -0.0058951 -0.122036 108.878
-0.122156 0.138422 0.982811 79.1338 0.0115719 0.990358 -0.138046 -18.1415 -0.992443 -0.00549029 -0.12258 108.799
-0.119904 0.135514 0.983493 80.0929 0.010645 0.990759 -0.135217 -18.3174 -0.992728 -0.00574379 -0.120238 108.647
-0.120749 0.131071 0.983992 81.0339 -0.000695933 0.991233 -0.132121 -18.5293 -0.992683 -0.0166383 -0.119599 108.576
-0.118425 0.128656 0.984593 81.8511 0.00399126 0.991624 -0.129095 -18.6368 -0.992955 -0.0113583 -0.117946 108.457
-0.118096 0.12525 0.985071 82.7322 0.00608197 0.992086 -0.125413 -18.7769 -0.992984 -0.00881967 -0.117923 108.401
-0.11753 0.125364 0.985125 83.4616 0.0100673 0.992099 -0.125051 -18.8806 -0.993018 -0.00477968 -0.117864 108.292
-0.117669 0.130369 0.984458 84.3374 0.00544622 0.991415 -0.130639 -19.0007 -0.993038 -0.0100106 -0.117369 108.255
-0.115665 0.136168 0.983911 84.949 0.00475738 0.990624 -0.136537 -19.1346 -0.993277 -0.0111118 -0.115228 108.126
-0.112696 0.140197 0.983689 85.8209 0.00593444 0.990073 -0.140427 -19.2545 -0.993612 -0.00998801 -0.11241 108.026
-0.108813 0.138177 0.984412 86.5216 0.00753694 0.990378 -0.138181 -19.3358 -0.994034 -0.00761645 -0.108807 107.867
-0.111027 0.139494 0.983979 87.5202 0.00389776 0.990154 -0.13993 -19.3878 -0.99381 -0.0117007 -0.110478 107.851
-0.107304 0.132682 0.985333 88.3371 0.0239321 0.991113 -0.130854 -19.6599 -0.993938 0.00953988 -0.109526 107.723
-0.108862 0.132147 0.985234 89.1523 0.0248671 0.991176 -0.130197 -19.7982 -0.993746 0.0103265 -0.111187 107.692
-0.105205 0.134002 0.985381 90.1043 0.0270704 0.990898 -0.131862 -19.8904 -0.994082 0.012802 -0.107875 107.535
-0.106812 0.132053 0.985471 90.9906 0.0281799 0.991145 -0.129759 -20.0248 -0.99388 0.0139107 -0.109587 107.49
-0.10283 0.129382 0.986249 91.4529 0.0346821 0.991368 -0.126438 -20.142 -0.994094 0.0212037 -0.106429 107.347
-0.100819 0.129193 0.986481 92.2344 0.0281269 0.991507 -0.126976 -20.3108 -0.994507 0.014945 -0.103596 107.19
-0.106505 0.131388 0.985593 93.5254 0.0263083 0.991256 -0.1293 -20.4928 -0.993964 0.0121581 -0.109031 107.345
-0.110739 0.134994 0.984639 94.4299 0.0252488 0.990795 -0.132998 -20.6103 -0.993529 0.0101329 -0.113128 107.327
-0.108698 0.12979 0.985565 95.325 0.0187337 0.991531 -0.12851 -20.7977 -0.993898 0.00449449 -0.110209 107.172
-0.113392 0.129947 0.985016 96.1686 0.0128891 0.991519 -0.129321 -20.8985 -0.993467 -0.00196798 -0.114105 107.151
-0.118326 0.12623 0.984919 96.8214 0.00234196 0.99192 -0.126846 -21.1117 -0.992972 -0.0127025 -0.117665 107.088
-0.116727 0.12979 0.984647 97.3495 -0.0063215 0.991307 -0.131418 -21.1766 -0.993144 -0.0215644 -0.114891 106.873
-0.11641 0.131661 0.984436 98.1836 -0.00571218 0.99107 -0.133223 -21.3082 -0.993185 -0.0211318 -0.114618 106.762
-0.115384 0.130984 0.984647 99.0488 -0.00395481 0.991199 -0.132319 -21.4896 -0.993313 -0.0191616 -0.11385 106.636
-0.118969 0.130135 0.984333 99.9173 -0.00969093 0.991174 -0.132211 -21.6523 -0.992851 -0.0252682 -0.116658 106.587
-0.119323 0.131072 0.984166 100.725 -0.00866567 0.991072 -0.133042 -21.7691 -0.992818 -0.0244035 -0.117122 106.495
-0.105494 0.136651 0.984986 101.582 0.0214633 0.990595 -0.13513 -21.7647 -0.994188 0.00688563 -0.107435 106.267
-0.107533 0.135241 0.98496 102.184 0.0108137 0.990805 -0.134863 -21.9686 -0.994143 -0.00385105 -0.108007 106.144
-0.110529 0.132973 0.984937 102.609 0.00588046 0.991079 -0.133142 -22.094 -0.993855 -0.00892422 -0.110325 106.074
-0.108061 0.129925 0.985618 103.057 0.00967293 0.991514 -0.129642 -22.2165 -0.994097 -0.00447544 -0.108401 105.875
-0.105824 0.131664 0.98563 103.82 0.00887433 0.991281 -0.131466 -22.3273 -0.994345 -0.00516549 -0.10607 105.714
-0.117142 0.132793 0.984197 104.979 0.000454317 0.991027 -0.13366 -22.572 -0.993115 -0.0152101 -0.116152 105.84
-0.116614 0.135453 0.983897 105.598 0.00129447 0.990676 -0.136233 -22.6026 -0.993176 -0.0146131 -0.115702 105.634
-0.114561 0.138251 0.983749 106.48 0.0180717 0.990395 -0.13708 -22.6347 -0.993252 0.00207395 -0.115959 105.534
-0.119017 0.135915 0.983546 107.235 0.0211223 0.990709 -0.134349 -22.7708 -0.992668 0.00478498 -0.120782 105.51
-0.134301 0.129653 0.982422 108.132 -0.00605796 0.991278 -0.13165 -23.1443 -0.990922 -0.0236322 -0.132345 105.543
-0.135422 0.129238 0.982323 109.003 0.00701947 0.991556 -0.129485 -23.3529 -0.990763 -0.0106398 -0.135186 105.528
-0.141401 0.133967 0.980846 109.891 0.000238608 0.990806 -0.135293 -23.5669 -0.989952 -0.0188966 -0.140133 105.541
-0.141981 0.134259 0.980722 110.362 -0.00146356 0.99073 -0.135841 -23.6754 -0.989868 -0.0207221 -0.140468 105.317
-0.147716 0.13391 0.979923 111.415 0.000193432 0.990796 -0.135367 -23.8157 -0.98903 -0.0198062 -0.146382 105.326
-0.1538 0.123527 0.98035 112.103 -0.00719992 0.991989 -0.126123 -23.9625 -0.988076 -0.0264561 -0.151678 105.251
-0.150129 0.122312 0.981071 112.807 0.00319704 0.992373 -0.123232 -24.016 -0.988661 -0.0153641 -0.149375 105.05
-0.156368 0.123187 0.979987 113.428 -0.00596955 0.992056 -0.125657 -24.1561 -0.987681 -0.0254987 -0.15439 104.973
-0.164779 0.128589 0.977912 114.255 -0.0267502 0.990518 -0.134754 -24.2643 -0.985968 -0.048364 -0.159777 104.912
-0.167482 0.131631 0.977048 115.066 -0.0245362 0.990183 -0.137606 -24.3959 -0.98557 -0.0470196 -0.162608 104.823
-0.167349 0.135712 0.976512 115.716 -0.0183093 0.989882 -0.140708 -24.4967 -0.985728 -0.0414267 -0.163171 104.667
-0.173314 0.138949 0.975016 116.426 -0.025095 0.989053 -0.145411 -24.6075 -0.984547 -0.0496696 -0.167929 104.594
-0.174806 0.145054 0.973859 117.219 -0.0147092 0.988593 -0.149889 -24.6443 -0.984493 -0.0405262 -0.170679 104.487
-0.183061 0.142794 0.972676 118.017 -0.0167065 0.988801 -0.148305 -24.7496 -0.98296 -0.0433988 -0.178625 104.432
-0.188361 0.138591 0.972272 118.831 -0.0167934 0.989394 -0.144285 -24.8963 -0.981956 -0.0435055 -0.184036 104.326
-0.192235 0.137804 0.971625 119.535 -0.0108743 0.989732 -0.142523 -24.9854 -0.981289 -0.0379636 -0.188762 104.138
-0.200252 0.135673 0.970305 120.44 -0.00962321 0.990045 -0.140419 -25.1793 -0.979697 -0.0374567 -0.196953 104.117
-0.208135 0.136795 0.968487 121.098 -0.00577163 0.989983 -0.141072 -25.2385 -0.978083 -0.0349516 -0.20526 103.964
-0.220895 0.135944 0.965777 121.768 -0.00475404 0.990076 -0.140452 -25.3843 -0.975286 -0.0356164 -0.218056 103.868
-0.23905 0.130512 0.962196 122.526 -0.0198606 0.990061 -0.139226 -25.6553 -0.970804 -0.0523918 -0.234082 103.781
-0.248871 0.133481 0.959295 123.241 -0.0166887 0.98972 -0.142045 -25.7507 -0.968393 -0.0513601 -0.244085 103.548
-0.257988 0.134868 0.956688 123.992 -0.00970058 0.989797 -0.142151 -25.8681 -0.966099 -0.0459538 -0.254048 103.327
-0.267303 0.135607 0.954023 124.701 -0.00337736 0.98991 -0.141654 -25.9783 -0.963607 -0.0410867 -0.264148 103.105
-0.273013 0.135001 0.952491 125.298 0.00891813 0.990417 -0.13782 -26.1406 -0.961969 -0.0291322 -0.271601 102.855
-0.281355 0.134284 0.950162 125.971 0.0182325 0.99073 -0.134619 -26.297 -0.959431 -0.0205518 -0.281195 102.638
-0.290284 0.134176 0.947487 126.64 0.0229637 0.990813 -0.133276 -26.3993 -0.956665 -0.0169303 -0.290699 102.486
-0.298325 0.136519 0.944651 127.404 0.0156397 0.990284 -0.138174 -26.4452 -0.954336 -0.0264468 -0.297561 102.239
-0.301879 0.135344 0.94369 128.115 0.0285191 0.99071 -0.132965 -26.6016 -0.952919 -0.0132261 -0.302935 102.073
-0.304571 0.132591 0.943216 128.778 0.0335254 0.991142 -0.128503 -26.7002 -0.951899 -0.00751655 -0.306319 101.88
-0.299206 0.131475 0.945087 129.461 0.0509167 0.991251 -0.121777 -26.8116 -0.952829 0.0116844 -0.303282 101.575
-0.299133 0.133239 0.944864 130.093 0.0615242 0.990836 -0.120244 -26.8531 -0.952226 0.0221631 -0.304589 101.373
-0.298754 0.138324 0.944252 130.751 0.0610841 0.990183 -0.125725 -26.9517 -0.952373 0.0201178 -0.304271 101.155
-0.296429 0.141911 0.944453 131.34 0.064289 0.989621 -0.12852 -27.0406 -0.952889 0.0226208 -0.302475 100.952
-0.294771 0.142447 0.944891 132.059 0.0653008 0.989518 -0.128803 -27.1317 -0.953334 0.0237348 -0.300983 100.743
-0.29219 0.140194 0.946029 132.677 0.0621791 0.989889 -0.127489 -27.2361 -0.954337 0.0215723 -0.297953 100.53
-0.290029 0.138817 0.946897 133.234 0.0649813 0.989997 -0.125232 -27.2971 -0.954809 0.0252096 -0.296148 100.34
-0.290468 0.138097 0.946867 133.86 0.057731 0.990258 -0.126716 -27.4137 -0.955142 0.0178567 -0.295611 100.162
-0.287129 0.134899 0.948345 134.414 0.0514751 0.990776 -0.125349 -27.5729 -0.956508 0.0128247 -0.291425 99.9403
-0.281585 0.134787 0.950022 134.771 0.0480927 0.990823 -0.126321 -27.6749 -0.95833 0.010119 -0.285483 99.6768
-0.266815 0.144177 0.952902 135.42 0.0721817 0.988959 -0.129421 -27.6174 -0.961041 0.0342506 -0.274276 99.4346
-0.262684 0.141112 0.954508 136.064 0.0679326 0.989498 -0.127589 -27.7432 -0.962488 0.0313266 -0.269511 99.2811
-0.258077 0.141287 0.955738 136.706 0.0769208 0.989113 -0.125451 -27.7953 -0.963057 0.0411402 -0.266135 99.1816
-0.25236 0.141911 0.957171 137.304 0.0822978 0.988751 -0.124896 -27.8612 -0.964127 0.0472544 -0.2612 99.013
-0.247449 0.13802 0.95902 137.914 0.0792715 0.989368 -0.121934 -28.0079 -0.965653 0.0458505 -0.255759 98.8261
-0.226007 0.132623 0.965055 137.998 0.0875626 0.989444 -0.115469 -28.0296 -0.970182 0.058406 -0.235234 98.3854
-0.220479 0.13372 0.966182 138.884 0.0969489 0.988657 -0.114707 -28.1282 -0.970562 0.0683796 -0.230943 98.2531
-0.220927 0.132564 0.966239 139.747 0.0868196 0.989459 -0.115899 -28.2664 -0.971418 0.0582832 -0.230108 98.1589
-0.216686 0.13252 0.967205 140.319 0.0804631 0.989797 -0.117589 -28.3701 -0.97292 0.0523446 -0.225138 98.001
-0.209626 0.143323 0.96722 141.207 0.103378 0.986903 -0.123835 -28.4061 -0.972301 0.0740305 -0.221698 97.961
-0.200429 0.146625 0.968674 141.719 0.11837 0.985118 -0.124622 -28.4769 -0.972531 0.0896843 -0.214802 97.7696
-0.19604 0.149505 0.969132 142.22 0.113119 0.985159 -0.129095 -28.4854 -0.97405 0.0843192 -0.210042 97.7075
-0.186761 0.149681 0.970936 143.054 0.121568 0.98425 -0.12835 -28.5547 -0.974855 0.0940643 -0.202016 97.6406
-0.170479 0.150461 0.973806 143.742 0.135114 0.982508 -0.128152 -28.5901 -0.976054 0.109728 -0.187827 97.512
-0.155053 0.148691 0.976652 144.326 0.134777 0.982549 -0.128192 -28.6792 -0.978669 0.111754 -0.172387 97.3817
-0.137883 0.149765 0.97906 144.906 0.143072 0.981146 -0.129935 -28.729 -0.980061 0.12216 -0.156711 97.275
-0.12504 0.144057 0.981638 145.455 0.120939 0.984238 -0.129034 -28.9357 -0.984753 0.102584 -0.140491 97.198
-0.10747 0.140424 0.984242 145.859 0.114046 0.985181 -0.128105 -29.0427 -0.987646 0.0984815 -0.121892 97.1166
-0.0885765 0.138365 0.986412 146.43 0.0927203 0.98715 -0.130142 -29.1717 -0.991744 0.0799329 -0.100268 97.0654
-0.0688075 0.137579 0.988098 147.038 0.075009 0.988355 -0.132391 -29.305 -0.994806 0.0650067 -0.0783259 97.07
-0.0431394 0.14402 0.988634 147.665 0.0697452 0.987575 -0.140822 -29.3293 -0.996632 0.0628775 -0.0526481 97.0296
