0.999998 0.00166331 -0.000541891 0.0974311 -0.00166398 0.999998 -0.00123869 4.69236e-05 0.00053983 0.00123959 0.999999 1.3594
0.999999 -0.00103569 0.000796414 0.164498 0.00103857 0.999993 -0.00362478 -0.0015828 -0.000792654 0.0036256 0.999993 2.89878
0.999998 -0.00167842 0.00124497 0.214383 0.00168289 0.999992 -0.00360165 -0.0199007 -0.00123892 0.00360374 0.999993 4.20903
0.999894 -0.0143569 0.00224383 0.230735 0.0143666 0.999887 -0.00435991 -0.120966 -0.00218098 0.00439168 0.999988 5.39908
0.999819 -0.0190207 0.000607262 0.0290901 0.0190176 0.999808 0.00472924 -0.325261 -0.000697099 -0.00471684 0.999989 6.11838
0.999902 -0.0139892 7.33976e-05 0.219493 0.0139892 0.999902 0.00101102 -0.26903 -8.75339e-05 -0.0010099 0.999999 7.70946
0.99997 -0.0077666 0.000672179 0.237905 0.00776637 0.99997 0.00033131 -0.202739 -0.000674731 -0.00032608 1 9.00777
0.999929 -0.0119206 0.000410586 0.308588 0.01192 0.999928 0.00149284 -0.253441 -0.000428352 -0.00148784 0.999999 10.3501
0.999928 -0.0108848 -0.00513047 0.412437 0.0108919 0.99994 0.00137101 -0.274435 0.00511524 -0.00142679 0.999986 11.6514
0.999786 -0.00822471 -0.0189975 0.842354 0.00809124 0.999942 -0.00709194 -0.0876049 0.0190548 0.00693671 0.999794 13.067
0.999729 -0.00693005 -0.0222282 0.822735 0.00673505 0.999938 -0.0088357 -0.114468 0.022288 0.0086836 0.999714 14.2567
0.999571 -0.00387358 -0.0290281 0.924948 0.00357925 0.999942 -0.0101844 -0.0945382 0.0290659 0.0100761 0.999527 15.5443
0.999553 0.00921642 -0.0284482 0.897303 -0.00952709 0.999896 -0.0108042 0.0111612 0.0283457 0.0110704 0.999537 16.8681
0.999553 0.00966803 -0.0282843 0.898418 -0.00997899 0.999891 -0.0108735 -0.0271429 0.0281761 0.0111509 0.999541 18.1001
0.999589 0.00769508 -0.0276089 0.866287 -0.00799781 0.999909 -0.0108714 -0.0707421 0.0275227 0.0110877 0.99956 19.2435
0.999437 0.0114588 -0.0315355 0.881272 -0.011817 0.999867 -0.0111959 -0.0786306 0.031403 0.0115622 0.99944 20.5137
0.999519 0.00550164 -0.030524 0.834548 -0.00582874 0.999926 -0.0106378 -0.164169 0.0304632 0.0108106 0.999477 21.8753
0.999487 0.0130858 -0.029233 0.765683 -0.013546 0.999787 -0.0156 -0.101999 0.0290226 0.015988 0.999451 23.2204
0.9994 0.00978716 -0.0332269 0.735664 -0.0103166 0.999822 -0.0157993 -0.153099 0.0330664 0.0161327 0.999323 24.2725
0.999297 0.0111663 -0.0357848 0.845041 -0.0117404 0.999805 -0.0158729 -0.207386 0.0356006 0.0162819 0.999233 25.5229
0.999102 0.0204386 -0.0371257 0.812655 -0.0210317 0.999656 -0.0156542 -0.242923 0.036793 0.0164209 0.999188 26.9125
0.999032 0.0206611 -0.0388288 0.914579 -0.0212846 0.99965 -0.0157127 -0.31098 0.0384905 0.0165239 0.999122 28.4477
0.998347 0.0242199 -0.0521285 1.00295 -0.0248504 0.999625 -0.0114811 -0.350123 0.0518309 0.0127576 0.998574 29.6693
0.99821 0.021905 -0.0556588 0.998585 -0.0225203 0.999692 -0.0104523 -0.388222 0.0554127 0.0116871 0.998395 30.9078
0.998069 0.0166658 -0.0598421 1.08934 -0.0173815 0.999783 -0.0114602 -0.457261 0.0596381 0.0124782 0.998142 32.3016
0.99803 0.0165486 -0.0605216 0.963113 -0.0173482 0.999769 -0.0127095 -0.491718 0.0602973 0.0137344 0.998086 33.4197
0.998021 0.0129919 -0.0615274 0.889712 -0.0136784 0.999849 -0.0107487 -0.622284 0.0613784 0.0115691 0.998048 34.6393
0.997964 0.0122529 -0.0625983 0.827328 -0.0128813 0.999871 -0.00964484 -0.668037 0.062472 0.0104315 0.997992 35.8112
0.998054 0.0201913 -0.0590041 0.402754 -0.0206696 0.999758 -0.00750666 -0.559444 0.0588383 0.00871164 0.99823 35.7779
0.997755 0.0310006 -0.0593634 0.307898 -0.0313608 0.999495 -0.00514551 -0.710139 0.0591739 0.00699564 0.998223 37.2891
0.997681 0.0281892 -0.0619544 0.260441 -0.0284269 0.999591 -0.00295813 -0.808031 0.0618457 0.00471244 0.998075 38.2459
0.997788 0.026128 -0.0611334 0.0693009 -0.0263511 0.999649 -0.0028464 -0.794284 0.0610375 0.00445104 0.998126 39.4937
0.997515 0.0276703 -0.0647929 0.137488 -0.0279663 0.999602 -0.00366579 -0.792154 0.0646657 0.0054687 0.997892 40.7602
0.997875 0.0272555 -0.0591903 -0.172005 -0.0272751 0.999628 0.000477603 -0.947716 0.0591813 0.00113783 0.998247 41.7373
0.997899 0.0274516 -0.05868 -0.254049 -0.0275346 0.999621 -0.000606783 -0.910101 0.0586411 0.00222124 0.998277 43.2253
0.998314 0.0259511 -0.051926 -0.534971 -0.0259973 0.999662 -0.000214228 -0.873164 0.0519029 0.0015638 0.998651 44.3194
0.997456 0.043069 -0.0567985 -0.36945 -0.0429797 0.999072 0.00279364 -0.848112 0.0568662 -0.00034535 0.998382 45.6527
0.99808 0.0260392 -0.0562018 -0.501222 -0.0257551 0.999652 0.00577379 -0.946464 0.0563326 -0.00431522 0.998403 46.5554
0.998477 0.0181188 -0.0521182 -0.723848 -0.017598 0.999791 0.0104342 -1.03886 0.0522963 -0.00950109 0.998586 47.4824
0.998344 0.0226416 -0.052892 -0.738895 -0.0222914 0.999726 0.00720136 -0.91028 0.0530405 -0.00601039 0.998574 48.8349
0.9982 0.0291709 -0.0523943 -0.635339 -0.0288482 0.99956 0.00690399 -0.89642 0.0525726 -0.00538008 0.998603 50.5509
0.998035 0.0339637 -0.0526538 -0.544373 -0.0338335 0.999422 0.00336137 -0.804035 0.0527375 -0.0015733 0.998607 52.0675
0.998153 0.0406978 -0.045107 -0.742848 -0.0407032 0.999171 0.000798434 -0.764789 0.0451021 0.00103904 0.998982 53.2235
0.997898 0.046844 -0.0447748 -0.790861 -0.0468574 0.998901 0.000750929 -0.754912 0.0447608 0.00134868 0.998997 54.4612
0.996681 0.0747691 -0.0321892 -1.15338 -0.0748486 0.997194 -0.00127025 -0.495149 0.0320039 0.00367535 0.999481 55.4285
0.999326 0.0259906 -0.0259242 -1.77 -0.0258479 0.999649 0.00582314 -1.01313 0.0260664 -0.00514913 0.999647 55.7401
0.998812 -0.0296518 -0.0386689 -1.61337 0.0299861 0.999518 0.00809271 -1.46482 0.0384103 -0.00924262 0.999219 57.2854
0.9984 -0.0381599 -0.041719 -1.70079 0.0385649 0.999216 0.00894834 -1.5289 0.0413448 -0.0105429 0.999089 58.328
0.998234 -0.0403549 -0.0435875 -1.77885 0.0408729 0.999103 0.011058 -1.56886 0.0431022 -0.01282 0.998988 59.4778
0.998338 -0.033901 -0.0466037 -1.74429 0.0341959 0.9994 0.00554348 -1.47322 0.0463878 -0.00712792 0.998898 60.7874
0.998676 -0.00956467 -0.0505501 -1.53599 0.00966157 0.999952 0.00167282 -1.25004 0.0505317 -0.002159 0.99872 62.3897
0.998377 -0.0145901 -0.0550569 -1.55882 0.0144014 0.999889 -0.00382325 -1.22912 0.0551066 0.00302415 0.998476 63.6044
0.997967 -0.0228906 -0.0594756 -1.54119 0.0226817 0.999734 -0.00418621 -1.32996 0.0595556 0.0028287 0.998221 64.7317
0.997695 -0.0227529 -0.0639348 -1.51614 0.0224656 0.999734 -0.00520983 -1.34876 0.0640363 0.00376149 0.99794 65.9721
0.997485 -0.0268123 -0.0656139 -1.52842 0.0265143 0.999634 -0.00540801 -1.36214 0.0657349 0.0036547 0.99783 67.5512
0.997533 -0.0231425 -0.0662786 -1.50327 0.022548 0.999699 -0.00970493 -1.33038 0.0664833 0.00818654 0.997754 68.9409
0.997953 0.000783495 -0.0639459 -1.64005 -0.00148013 0.99994 -0.0108474 -1.20034 0.0639336 0.0109199 0.997894 70.2727
0.99785 -0.00515684 -0.065342 -1.709 0.00456202 0.999947 -0.00924917 -1.31959 0.0653862 0.00893119 0.99782 71.4236
0.997807 0.0212102 -0.062704 -1.94633 -0.021733 0.999734 -0.00766598 -1.1694 0.0625247 0.00901191 0.998003 72.4667
0.997863 0.029495 -0.0582996 -2.07354 -0.0294799 0.999565 0.00111829 -1.26972 0.0583072 0.000602769 0.998299 73.6676
0.997832 0.029911 -0.0586267 -2.15628 -0.0298698 0.999553 0.00158025 -1.28338 0.0586478 0.00017434 0.998279 74.7918
0.998153 0.0239131 -0.0558385 -2.2915 -0.0238526 0.999714 0.00174887 -1.35488 0.0558644 -0.000413746 0.998438 75.8885
0.998106 0.0300296 -0.0536885 -2.31898 -0.0300977 0.999547 -0.000459918 -1.30473 0.0536503 0.00207494 0.998558 77.1712
0.998431 0.0226881 -0.0511868 -2.40574 -0.0229858 0.999722 -0.00523452 -1.33621 0.0510538 0.00640287 0.998675 78.2858
0.998162 0.0378322 -0.0473497 -2.58927 -0.0381585 0.999254 -0.00600625 -1.19681 0.0470871 0.007802 0.99886 79.0253
0.998002 0.0451003 -0.0442456 -2.48752 -0.0452732 0.99897 -0.00291149 -1.19235 0.0440687 0.00490881 0.999016 80.5539
0.99846 0.0392878 -0.0391757 -2.62596 -0.0393648 0.999224 -0.00119553 -1.22881 0.0390983 0.00273583 0.999232 81.6125
0.99823 0.0481255 -0.0349282 -2.63689 -0.0482597 0.99883 -0.00301166 -1.23114 0.0347424 0.00469195 0.999385 82.8574
0.998597 0.0407156 -0.0338593 -2.67923 -0.0408844 0.999155 -0.00430672 -1.28131 0.0336553 0.005685 0.999417 84.0211
0.998665 0.0416229 -0.030599 -2.71421 -0.0418692 0.999095 -0.00745247 -1.32594 0.0302611 0.00872368 0.999504 85.1581
0.998695 0.0393847 -0.032501 -2.37139 -0.0396025 0.999197 -0.00608482 -1.45511 0.0322353 0.007364 0.999453 86.2626
0.99883 0.0396316 -0.0277111 -2.42583 -0.0397779 0.999197 -0.00474692 -1.47364 0.0275007 0.00584366 0.999605 87.3784
0.998867 0.0393559 -0.0267704 -2.31048 -0.0395125 0.999205 -0.00534947 -1.4531 0.0265386 0.00640117 0.999627 89.0411
0.998463 0.0507128 -0.0223657 -2.28429 -0.0508848 0.998679 -0.00719301 -1.42814 0.0219713 0.00832002 0.999724 90.2984
0.998942 0.0407637 -0.0212688 -2.18046 -0.0409761 0.999114 -0.009647 -1.51961 0.0208567 0.0105083 0.999727 91.5818
0.998727 0.0452238 -0.022344 -2.04501 -0.0455025 0.998891 -0.0121256 -1.48069 0.0217709 0.0131269 0.999677 92.8746
0.998616 0.0476716 -0.0222334 -1.94125 -0.0479504 0.998775 -0.0121802 -1.49945 0.0216255 0.0132295 0.999679 94.3366
0.998599 0.0487624 -0.0205345 -1.90322 -0.0489798 0.998747 -0.0102201 -1.60736 0.0200105 0.0112116 0.999737 95.6553
0.998696 0.0480313 -0.0173178 -2.00712 -0.0482051 0.99879 -0.00976322 -1.6356 0.0168279 0.0105853 0.999802 96.6782
0.999168 0.038495 -0.0134452 -2.04954 -0.0385663 0.999243 -0.00508938 -1.67176 0.0132391 0.00560368 0.999897 97.7436
0.999183 0.0386303 -0.0118389 -1.9914 -0.0387253 0.999219 -0.00790033 -1.67381 0.0115245 0.00835235 0.999899 99.0284
0.999275 0.0375741 -0.0060597 -2.13865 -0.0376392 0.999231 -0.011013 -1.6961 0.00564123 0.0112331 0.999921 100.149
0.999622 0.0271231 -0.00450951 -2.13358 -0.0271715 0.99957 -0.0110543 -1.85855 0.00420774 0.0111727 0.999929 101.225
0.999632 0.0268303 -0.00395314 -2.08832 -0.0268758 0.999567 -0.011946 -1.8716 0.00363091 0.0120479 0.999921 102.385
0.999639 0.0265058 -0.00440106 -2.07778 -0.0265567 0.999576 -0.0119423 -1.90069 0.00408266 0.0120549 0.999919 103.6
0.999498 0.0309515 -0.00681401 -1.95197 -0.0310235 0.999461 -0.0107353 -1.87459 0.00647806 0.0109413 0.999919 105.012
0.999466 0.0319573 -0.0067954 -1.97693 -0.0320195 0.999444 -0.0092507 -1.90449 0.006496 0.00946335 0.999934 106.272
0.999443 0.0328865 -0.00569446 -2.11235 -0.0329441 0.999404 -0.0103464 -1.89431 0.0053508 0.0105282 0.99993 107.418
0.999605 0.0263044 -0.00987575 -2.04334 -0.0263727 0.999629 -0.00684331 -1.98086 0.00969207 0.00710106 0.999928 108.754
0.999383 0.0290954 -0.0196589 -1.8248 -0.0293025 0.999517 -0.0103279 -1.88701 0.0193489 0.0108976 0.999753 110.219
0.999233 0.0308763 -0.0240691 -1.77752 -0.0311298 0.999463 -0.0102293 -1.94383 0.0237404 0.0109707 0.999658 111.44
0.999238 0.0287255 -0.0264293 -1.88025 -0.0289951 0.999531 -0.00987334 -2.00483 0.0261333 0.0106321 0.999602 112.607
0.999089 0.0290089 -0.0312853 -1.86172 -0.0292697 0.99954 -0.00791073 -2.06201 0.0310414 0.00881923 0.999479 113.993
0.999019 0.0309336 -0.0316921 -2.05931 -0.0312528 0.999465 -0.0096266 -2.0064 0.0313773 0.0106076 0.999451 115.091
0.999155 0.0212529 -0.035178 -2.15593 -0.0216484 0.999706 -0.0108996 -2.01093 0.034936 0.0116519 0.999322 116.444
0.998915 0.0207854 -0.0416767 -2.06995 -0.0212385 0.99972 -0.0104584 -2.07002 0.0414477 0.0113322 0.999076 117.281
0.998674 0.0168119 -0.0486536 -2.10937 -0.0173786 0.999786 -0.0112476 -2.04111 0.048454 0.0120782 0.998752 118.581
0.998493 0.0142058 -0.0530027 -2.24544 -0.0148559 0.999819 -0.0118922 -1.98744 0.0528242 0.0126616 0.998524 119.793
0.99845 0.0153518 -0.0534912 -2.53386 -0.0160313 0.999796 -0.0122974 -2.01232 0.0532915 0.0131359 0.998493 120.809
0.998312 0.0162064 -0.055775 -2.62503 -0.0169376 0.999776 -0.012662 -2.03837 0.0555573 0.0135853 0.998363 121.938
0.998223 0.0128613 -0.0581904 -2.75299 -0.0135512 0.999842 -0.0114768 -2.14679 0.0580337 0.012245 0.99824 123.104
0.998139 0.00196343 -0.0609412 -2.81278 -0.002841 0.999893 -0.0143169 -2.22127 0.0609066 0.0144634 0.998039 124.288
0.997958 0.00848883 -0.0633116 -2.79875 -0.00941921 0.999852 -0.0144113 -2.22605 0.0631798 0.0149783 0.99789 125.838
0.997729 0.00971577 -0.0666479 -2.79052 -0.0107098 0.999836 -0.0145734 -2.25754 0.0664954 0.0152541 0.99767 127.185
0.997761 0.00394865 -0.0667637 -2.88292 -0.00500185 0.999866 -0.0156153 -2.26701 0.0666931 0.0159143 0.997647 128.44
0.997519 0.00811829 -0.0699315 -2.93849 -0.00915554 0.999853 -0.0145247 -2.297 0.0698032 0.015129 0.997446 129.695
0.997631 -0.00172592 -0.068768 -3.0954 0.00142339 0.999989 -0.00444817 -2.4096 0.0687749 0.00433975 0.997623 130.849
0.997613 -0.00526141 -0.0688502 -3.20675 0.00485244 0.99997 -0.00610581 -2.41762 0.0688803 0.00575715 0.997608 132.112
0.997798 -0.00238173 -0.0662904 -3.36954 0.00172009 0.999948 -0.0100362 -2.36773 0.0663109 0.0099001 0.99775 133.328
0.997978 -0.00419364 -0.0634148 -3.51974 0.00373566 0.999966 -0.0073389 -2.42867 0.0634434 0.00708717 0.99796 134.649
0.997832 -0.0150374 -0.0640786 -3.63115 0.014507 0.999857 -0.00873538 -2.40496 0.0642008 0.00778685 0.997907 135.923
0.997898 -0.0130488 -0.0634795 -3.71478 0.0127169 0.999903 -0.00563013 -2.45979 0.0635468 0.00481104 0.997967 137.088
0.997914 -0.0124021 -0.063351 -3.75562 0.0120607 0.999911 -0.00576821 -2.48089 0.0634169 0.00499212 0.997975 138.249
0.997866 -0.0170401 -0.0630397 -3.87035 0.0164944 0.999822 -0.00916561 -2.46259 0.0631847 0.00810624 0.997969 139.56
0.997786 -0.0200343 -0.0634174 -3.95057 0.0194419 0.999762 -0.00994438 -2.50103 0.0636015 0.0086894 0.997938 140.785
0.997951 -0.0105003 -0.0631105 -4.03212 0.0099018 0.999903 -0.00978815 -2.5704 0.0632072 0.00914319 0.997959 142.221
0.997571 -0.00698861 -0.0692985 -3.80196 0.00622555 0.999918 -0.0112212 -2.52061 0.0693712 0.0107625 0.997533 144.132
0.997295 -0.0314239 -0.0664539 -4.14826 0.0308077 0.999472 -0.0102775 -2.71081 0.0667418 0.0082024 0.997737 144.623
0.997313 -0.0303183 -0.0666934 -4.14701 0.0297136 0.999508 -0.0100396 -2.70387 0.0669649 0.00803096 0.997723 146.157
0.99729 -0.0325554 -0.0659712 -4.25106 0.0319614 0.999439 -0.0100399 -2.77756 0.066261 0.00790414 0.997771 147.443
0.997734 -0.0279481 -0.0612037 -4.429 0.0273639 0.999572 -0.0103625 -2.80645 0.0614671 0.00866423 0.998072 148.721
0.997545 -0.0266416 -0.0647603 -4.28633 0.0257623 0.999565 -0.0143747 -2.78567 0.065115 0.012671 0.997797 150.339
0.997514 -0.0144391 -0.0689759 -4.23775 0.0136092 0.999829 -0.0124871 -2.77706 0.0691445 0.0115173 0.99754 151.751
0.997957 -0.0171063 -0.0615547 -4.7291 0.0162492 0.999764 -0.0143973 -2.89932 0.0617865 0.0133677 0.998 152.636
0.997967 -0.0175208 -0.0612723 -4.82331 0.0166803 0.99976 -0.0142019 -2.9689 0.0615064 0.013151 0.99802 153.954
0.997971 -0.0145989 -0.0619736 -4.86846 0.0137879 0.999814 -0.0134941 -2.9718 0.062159 0.0126122 0.997987 155.278
0.99803 -0.0123578 -0.0615034 -4.90759 0.0115141 0.999835 -0.014054 -3.03031 0.0616669 0.0133182 0.998008 156.494
0.998146 -0.00806465 -0.060327 -5.09391 0.00734264 0.999899 -0.0121805 -3.1336 0.0604191 0.0117149 0.998104 157.997
0.997933 -0.0154702 -0.0623714 -5.14032 0.0145221 0.999772 -0.0156248 -3.09649 0.062599 0.0146868 0.997931 159.204
0.998049 -0.0120304 -0.0612618 -5.27541 0.011159 0.999832 -0.014548 -3.1684 0.0614265 0.013836 0.998016 160.517
0.997841 -0.0140188 -0.0641618 -5.34194 0.0132383 0.999833 -0.0125729 -3.27786 0.0643273 0.0116963 0.99786 161.83
0.997784 -0.0146632 -0.0649028 -5.435 0.0138841 0.999826 -0.0124382 -3.31797 0.0650739 0.0115095 0.997814 163.119
0.997792 -0.0110824 -0.0654777 -5.49559 0.0104967 0.999902 -0.00928225 -3.52638 0.0655741 0.00857446 0.997811 164.944
0.99782 -0.0116519 -0.0649558 -5.59676 0.0110873 0.999898 -0.00904514 -3.59247 0.0650546 0.00830523 0.997847 166.275
0.997717 -0.0133145 -0.066215 -5.71576 0.0126638 0.999867 -0.0102375 -3.61681 0.0663426 0.00937563 0.997753 167.556
0.997736 -0.0183373 -0.0647087 -5.85516 0.017982 0.99982 -0.00606922 -3.71822 0.0648083 0.00489189 0.997886 168.821
0.997374 -0.0222487 -0.0689242 -5.8444 0.0216853 0.999725 -0.00891082 -3.74927 0.0691035 0.00739278 0.997582 170.308
0.996758 -0.0358296 -0.0720429 -5.8721 0.0351263 0.999322 -0.0110055 -3.88036 0.0723884 0.00843926 0.997341 171.622
0.996727 -0.0382958 -0.0712013 -6.01518 0.0375667 0.999227 -0.011552 -3.89907 0.0715887 0.00883939 0.997395 172.94
0.996818 -0.031415 -0.0732578 -5.93694 0.0306635 0.999465 -0.0113617 -3.86088 0.0735755 0.00907926 0.997248 174.486
0.996538 -0.0345888 -0.0755969 -6.00963 0.0338455 0.999366 -0.0110924 -3.89572 0.0759326 0.00849544 0.997077 175.657
0.99643 -0.0411017 -0.0737382 -6.35862 0.0403836 0.999121 -0.0112049 -3.97312 0.0741339 0.00818704 0.997215 176.567
0.996203 -0.0413531 -0.0766188 -6.39738 0.0405807 0.999109 -0.0116107 -3.98527 0.0770307 0.00845737 0.996993 177.804
0.99568 -0.0544167 -0.0752404 -6.63748 0.0536894 0.99849 -0.0116572 -4.12948 0.0757611 0.00756726 0.997097 178.908
0.995957 -0.0476595 -0.0761459 -6.71999 0.0468836 0.998829 -0.011947 -4.14825 0.0766261 0.00832872 0.997025 180.239
0.995931 -0.0503186 -0.0747654 -6.89411 0.0494961 0.998692 -0.0128151 -4.13026 0.0753124 0.00906232 0.997119 181.517
0.995853 -0.049594 -0.076273 -6.94755 0.0486689 0.998718 -0.0139402 -4.17049 0.0768666 0.0101703 0.99699 182.769
0.995307 -0.0564614 -0.0785939 -6.91387 0.055512 0.998357 -0.0142146 -4.26785 0.0792674 0.00978497 0.996805 184.253
0.995364 -0.0545033 -0.0792397 -7.00757 0.0534681 0.998455 -0.0151296 -4.22765 0.0799419 0.0108227 0.996741 185.607
0.994567 -0.0663933 -0.0801714 -7.12294 0.0654272 0.99775 -0.0146213 -4.216 0.0809618 0.00929651 0.996674 186.887
0.994076 -0.0721666 -0.0812675 -7.26715 0.0716314 0.997386 -0.00948552 -4.3103 0.0817396 0.00360803 0.996647 187.937
0.993345 -0.0766986 -0.0859239 -7.22715 0.0753259 0.996976 -0.0191107 -3.73813 0.0871298 0.0125112 0.996118 188.175
0.992724 -0.0829693 -0.0872601 -7.28639 0.0811965 0.996417 -0.0236794 -3.80362 0.0889121 0.0164219 0.995904 189.56
0.991324 -0.0965463 -0.0891987 -7.3801 0.0953018 0.995284 -0.0181164 -4.30747 0.0905271 0.00945842 0.995849 189.93
0.99126 -0.096478 -0.0899769 -7.5042 0.0951934 0.995287 -0.0184715 -4.3463 0.091335 0.00974484 0.995773 191.109
0.991041 -0.0966628 -0.0921611 -7.49201 0.09533 0.995269 -0.0187661 -4.26664 0.093539 0.00981226 0.995567 192.757
0.991987 -0.0877646 -0.0908758 -7.73569 0.0867722 0.996118 -0.0148217 -4.31595 0.0918238 0.00681741 0.995752 193.595
0.99146 -0.0930814 -0.0913364 -7.76689 0.0920516 0.995635 -0.0154333 -4.34823 0.0923743 0.00689385 0.9957 194.987
0.992056 -0.0879361 -0.089954 -7.9361 0.0869357 0.996101 -0.0149871 -4.36572 0.0909212 0.00704779 0.995833 196.148
0.993281 -0.0786117 -0.0849288 -8.03813 0.0777557 0.996883 -0.0133453 -4.37689 0.0857132 0.0066519 0.996298 197.492
0.993789 -0.0810504 -0.0762573 -8.37172 0.080319 0.996689 -0.0126145 -4.47638 0.0770273 0.00641125 0.997008 198.422
0.994013 -0.0838619 -0.0700444 -8.59507 0.083227 0.996459 -0.0119391 -4.57024 0.0707976 0.00603806 0.997472 199.423
0.994788 -0.0770163 -0.0668204 -8.85235 0.0765099 0.997018 -0.0101079 -4.63245 0.0673996 0.00494282 0.997714 200.31
0.994861 -0.0768167 -0.0659552 -8.93957 0.0765425 0.997044 -0.00667767 -4.69687 0.0662732 0.00159498 0.9978 201.548
0.99426 -0.083085 -0.0674066 -8.90583 0.0824207 0.996518 -0.0125812 -4.54256 0.0682172 0.00695325 0.997646 202.925
0.994256 -0.0857983 -0.063978 -9.09415 0.0850259 0.99627 -0.0147029 -4.53462 0.0650008 0.00917869 0.997843 203.909
0.994386 -0.0863737 -0.061124 -9.16711 0.0857058 0.996229 -0.0134716 -4.5743 0.0620571 0.00815728 0.998039 205.123
0.994783 -0.086708 -0.053741 -9.52994 0.0859254 0.996161 -0.0167107 -4.52335 0.0549836 0.0120058 0.998415 206.152
0.994475 -0.0891356 -0.055452 -9.51055 0.0881956 0.995919 -0.0191786 -4.47456 0.0569352 0.014182 0.998277 207.25
0.994216 -0.0912475 -0.0566397 -9.54817 0.0900271 0.995656 -0.0237422 -4.36888 0.05856 0.0185058 0.998112 208.391
0.99506 -0.0849483 -0.051379 -9.81816 0.0838937 0.996224 -0.0223485 -4.40212 0.0530835 0.0179277 0.998429 209.366
0.995156 -0.0833921 -0.0520604 -9.87623 0.0824183 0.996385 -0.0205825 -4.4857 0.0535886 0.016192 0.998432 210.578
0.995529 -0.0785761 -0.0524216 -9.92539 0.0778335 0.996837 -0.0160638 -4.62359 0.0535181 0.0119118 0.998496 211.687
0.995176 -0.0791576 -0.0579545 -9.82892 0.0782245 0.99677 -0.0181989 -4.60484 0.0592079 0.0135777 0.998153 213.065
0.995914 -0.0709058 -0.0559282 -10.0817 0.0700808 0.997404 -0.0165787 -4.65329 0.0569585 0.0125915 0.998297 213.926
0.997624 -0.036665 -0.0583343 -10.1477 0.0367293 0.999325 3.05565e-05 -4.85127 0.0582938 -0.00217306 0.998297 214.973
0.997337 -0.040337 -0.0607629 -10.1051 0.0402443 0.999186 -0.00274996 -4.81691 0.0608243 0.000297285 0.998148 216.639
0.997243 -0.0404685 -0.0622061 -10.2093 0.0405303 0.999178 -0.000267628 -4.87164 0.0621659 -0.00225434 0.998063 217.448
0.996532 -0.0534942 -0.0637365 -10.2887 0.0534351 0.998568 -0.00263237 -4.91656 0.063786 -0.000782526 0.997963 218.364
0.995735 -0.0618018 -0.0685021 -10.2486 0.0615709 0.998088 -0.00548005 -4.90163 0.0687098 0.00123894 0.997636 219.678
0.994035 -0.0776232 -0.0766122 -10.1552 0.0770564 0.996973 -0.0103314 -4.90547 0.0771823 0.00436631 0.997007 221.006
0.993651 -0.080211 -0.0788865 -10.1635 0.0794852 0.99676 -0.0123031 -4.91366 0.0796178 0.00595466 0.996808 222.385
0.994509 -0.0747754 -0.0732091 -10.3916 0.0742804 0.997192 -0.00946501 -4.96079 0.0737113 0.00397505 0.997272 223.4
0.994816 -0.0654876 -0.0777941 -10.458 0.0652459 0.997853 -0.00564721 -4.99592 0.0779969 0.000542193 0.996953 224.271
0.993839 -0.0714753 -0.0847043 -10.502 0.0714715 0.997438 -0.00308017 -5.08243 0.0847075 -0.00299276 0.996401 225.182
0.99386 -0.0672284 -0.0878788 -10.4801 0.0672363 0.997733 -0.00287334 -5.0909 0.0878727 -0.00305295 0.996127 226.343
0.995118 -0.0456837 -0.0874821 -10.6855 0.0458822 0.998947 0.000258394 -5.06904 0.0873781 -0.004271 0.996166 227.113
0.995263 -0.0227625 -0.0945163 -10.7278 0.0232832 0.999719 0.00440977 -5.01634 0.0943893 -0.00658953 0.995514 228.052
0.995697 -0.0100093 -0.0921259 -10.8742 0.0104268 0.999937 0.00405159 -4.98559 0.0920796 -0.00499473 0.995739 228.911
0.994183 0.0156531 -0.106563 -10.7098 -0.0159362 0.999871 -0.00180618 -4.83613 0.106521 0.00349389 0.994304 229.995
0.993891 -0.0157295 -0.109236 -10.8235 0.0149637 0.999857 -0.00782686 -4.95123 0.109343 0.00614447 0.993985 230.62
0.991782 -0.0580094 -0.114033 -10.8556 0.056671 0.998281 -0.0149466 -5.10243 0.114704 0.00836143 0.993364 231.406
0.992405 -0.0498114 -0.112476 -11.0453 0.0488121 0.99874 -0.0116221 -5.12933 0.112914 0.00604367 0.993586 231.988
0.991456 -0.06233 -0.114589 -11.1247 0.0613124 0.998042 -0.0123875 -5.20025 0.115137 0.00525597 0.993336 232.732
0.991388 -0.0626302 -0.115014 -11.2245 0.061649 0.998025 -0.0120727 -5.23163 0.115543 0.00487825 0.993291 233.494
0.989418 -0.0670101 -0.12869 -11.1016 0.0656117 0.997731 -0.0150799 -5.23915 0.129409 0.00647672 0.99157 234.374
0.988995 -0.071573 -0.129483 -11.1497 0.0700741 0.997412 -0.0161008 -5.30162 0.130301 0.00685015 0.991451 235.194
0.98896 -0.0794993 -0.125054 -11.2513 0.076341 0.996635 -0.0298556 -5.2564 0.127007 0.0199792 0.991701 235.921
0.988888 -0.0797994 -0.125431 -11.2929 0.0766696 0.996617 -0.0295929 -5.31526 0.127368 0.0196474 0.991661 236.648
0.988452 -0.09382 -0.118996 -11.2429 0.090432 0.995337 -0.0335707 -5.37163 0.12159 0.022422 0.992327 237.647
0.988427 -0.0934231 -0.119519 -11.3007 0.0902608 0.995416 -0.0316152 -5.43172 0.121924 0.0204615 0.992328 238.255
0.987574 -0.0972403 -0.123455 -11.3004 0.0940741 0.995075 -0.0312361 -5.48872 0.125884 0.0192341 0.991858 238.972
0.987122 -0.0951017 -0.128631 -11.0976 0.091614 0.995255 -0.032778 -5.4649 0.131138 0.0205714 0.991151 240.127
0.986292 -0.106636 -0.125922 -11.1752 0.104107 0.994213 -0.0265128 -5.59367 0.128021 0.0130399 0.991686 240.772
0.985208 -0.109744 -0.131613 -11.1494 0.10686 0.993857 -0.0288052 -5.58961 0.133965 0.014315 0.990883 241.496
0.984711 -0.119951 -0.126321 -11.2588 0.116812 0.992638 -0.0319973 -5.59556 0.129229 0.0167523 0.991473 242.291
0.984876 -0.120043 -0.124939 -11.2956 0.117067 0.992642 -0.0309238 -5.65773 0.127732 0.0158299 0.991682 243.102
0.984559 -0.126577 -0.120919 -11.4208 0.124249 0.991894 -0.0266331 -5.73883 0.12331 0.0111979 0.992305 243.685
0.98512 -0.127218 -0.115561 -11.5377 0.12482 0.99179 -0.0277872 -5.75657 0.118147 0.0129495 0.992912 244.368
0.985667 -0.125997 -0.112184 -11.6061 0.123696 0.991945 -0.0272687 -5.79748 0.114716 0.0130011 0.993313 245.148
0.986461 -0.122734 -0.108773 -11.6864 0.12017 0.992305 -0.0298455 -5.79757 0.111599 0.0163701 0.993618 245.814
0.991136 -0.104617 -0.0818865 -12.0064 0.099358 0.99287 -0.0658631 -5.50115 0.088193 0.0571432 0.994463 246.434
0.991022 -0.106638 -0.0806407 -12.0418 0.101465 0.992664 -0.0657439 -5.5551 0.0870599 0.0569714 0.994573 247.18
0.983782 -0.108232 -0.143034 -11.6696 0.100668 0.993162 -0.059118 -5.63278 0.148455 0.0437602 0.987951 247.648
0.983086 -0.111611 -0.145204 -11.7511 0.101763 0.992083 -0.0735934 -5.61621 0.152268 0.0575723 0.986661 248.325
0.983816 -0.110907 -0.140734 -11.872 0.0987042 0.990954 -0.0909294 -5.60462 0.149546 0.0755668 0.985863 249.022
0.982393 -0.121015 -0.142335 -11.9802 0.108528 0.989784 -0.092467 -5.68546 0.152071 0.0753916 0.98549 249.692
0.980187 -0.139091 -0.141022 -12.1158 0.128381 0.988293 -0.0824346 -5.83852 0.150837 0.0626967 0.986568 250.357
0.981493 -0.131879 -0.138852 -12.3174 0.120683 0.98894 -0.0862167 -5.86331 0.148687 0.067864 0.986553 250.87
0.983853 -0.129444 -0.123603 -13.0218 0.119057 0.988976 -0.088045 -5.85855 0.133637 0.0719075 0.988418 251.193
0.98372 -0.131944 -0.12201 -13.1309 0.121833 0.988735 -0.0869425 -5.95063 0.132107 0.0706622 0.988714 251.872
0.983557 -0.133901 -0.12119 -13.22 0.123628 0.988358 -0.0886819 -6.02634 0.131654 0.0722412 0.98866 252.619
0.983161 -0.140663 -0.116655 -13.4366 0.130474 0.987281 -0.0908435 -6.12472 0.12795 0.0740934 0.989009 253.109
0.982018 -0.161159 -0.0983282 -14.1429 0.152363 0.984102 -0.0912618 -6.17762 0.111473 0.0746391 0.990961 252.91
-0.918685 -0.0507744 0.391713 -22.7934 0.108464 0.921153 0.373781 -26.2545 -0.379807 0.385874 -0.840743 334.537
-0.915175 -0.0494356 0.400013 -22.6425 0.116014 0.91814 0.378892 -25.8062 -0.385999 0.39316 -0.834524 333.342
-0.911689 -0.0427023 0.408656 -22.4483 0.128051 0.915523 0.381341 -25.2924 -0.390418 0.399994 -0.829204 331.852
-0.913817 -0.0328886 0.404792 -22.0957 0.134756 0.915694 0.378609 -25.0423 -0.383118 0.400528 -0.832345 331.265
-0.910291 -0.030912 0.412813 -21.8632 0.136031 0.919496 0.368814 -24.7226 -0.39098 0.391883 -0.832804 330.588
-0.912583 -0.0307306 0.407735 -21.4809 0.132191 0.92145 0.365316 -24.4921 -0.386934 0.38728 -0.836837 330.096
-0.913174 -0.0601057 0.403113 -21.1221 0.104128 0.921836 0.373332 -24.1028 -0.394043 0.382892 -0.835538 329.285
-0.910136 -0.0466714 0.411673 -20.9634 0.11727 0.923981 0.364016 -23.703 -0.397367 0.379581 -0.835475 328.523
-0.911854 -0.0393315 0.408626 -20.6116 0.125399 0.921135 0.368491 -23.4778 -0.390893 0.387251 -0.835008 327.865
-0.914082 -0.0457602 0.402939 -20.21 0.117945 0.920661 0.372118 -23.2265 -0.387999 0.387671 -0.836163 327.311
-0.914113 -0.0540506 0.401841 -19.883 0.109018 0.921814 0.371987 -22.8367 -0.390529 0.383846 -0.836749 326.571
-0.914959 -0.0452745 0.401 -19.5768 0.112895 0.925293 0.36206 -22.5215 -0.387435 0.376541 -0.841493 325.989
-0.914976 -0.0273651 0.40258 -19.2995 0.131287 0.923222 0.361143 -22.3695 -0.381554 0.383291 -0.841133 325.229
-0.92139 -0.0217789 0.388029 -18.7057 0.131802 0.921748 0.364704 -22.322 -0.365608 0.387177 -0.846419 324.987
-0.921822 -0.0270848 0.386667 -18.3902 0.127515 0.920841 0.3685 -22.0358 -0.366039 0.388997 -0.845397 324.254
-0.926058 -0.0176647 0.376967 -17.9051 0.133771 0.918676 0.371671 -21.8469 -0.352876 0.394616 -0.848385 323.622
-0.928107 -0.058132 0.367746 -17.5724 0.0850528 0.928512 0.36143 -21.0866 -0.362467 0.366723 -0.856815 322.792
-0.928161 0.0139171 0.37192 -17.461 0.160699 0.916335 0.366752 -21.1771 -0.335699 0.400172 -0.852742 321.589
-0.927815 0.00535331 0.373001 -17.2241 0.153114 0.917254 0.367696 -20.8405 -0.340168 0.398266 -0.851862 320.849
-0.931929 0.0417417 0.360231 -16.7567 0.184958 0.90915 0.373145 -20.7348 -0.311928 0.414372 -0.854984 319.951
-0.933114 0.0387494 0.357486 -16.4173 0.18057 0.91023 0.372661 -20.4002 -0.310954 0.412286 -0.856345 319.27
-0.931679 0.0453224 0.360444 -16.1764 0.187601 0.909678 0.370529 -20.1162 -0.311095 0.412834 -0.85603 318.544
-0.927532 0.0311411 0.372443 -16.081 0.181849 0.908212 0.376938 -19.8133 -0.326519 0.41735 -0.848059 317.469
-0.926394 0.00224225 0.376549 -15.824 0.156807 0.911451 0.380352 -19.4369 -0.342353 0.411402 -0.844715 316.917
-0.926215 0.00456964 0.376968 -15.4971 0.160674 0.909349 0.383756 -19.1975 -0.341042 0.41601 -0.842987 316.206
-0.920653 -0.00373652 0.390365 -15.3454 0.158616 0.910114 0.382798 -18.8599 -0.356707 0.414342 -0.837306 315.464
-0.91982 -0.00444662 0.392315 -15.0092 0.157794 0.911306 0.380293 -18.481 -0.35921 0.411706 -0.837536 314.608
-0.914211 -0.0376158 0.403488 -14.8255 0.128306 0.917589 0.376256 -17.9222 -0.38439 0.395748 -0.834043 313.811
-0.900304 -0.0552719 0.431739 -14.8684 0.12512 0.917176 0.37833 -17.4567 -0.416891 0.394631 -0.818821 312.505
-0.899755 -0.0661829 0.431347 -14.4789 0.113034 0.919356 0.37684 -17.0674 -0.421501 0.387821 -0.819714 311.81
-0.897654 -0.0727746 0.434651 -14.1447 0.107669 0.920169 0.376427 -16.7552 -0.427347 0.3847 -0.818157 311.197
-0.891448 -0.0796141 0.446073 -13.8925 0.107516 0.919165 0.378913 -16.4167 -0.440182 0.385742 -0.810829 310.388
-0.887552 -0.10082 0.449541 -13.516 0.0905313 0.91857 0.384751 -16.0902 -0.451726 0.382184 -0.806151 309.741
-0.886402 -0.114105 0.448633 -13.0657 0.086522 0.911229 0.40271 -15.9447 -0.454759 0.39578 -0.797842 309.017
-0.882014 -0.109769 0.458259 -12.7292 0.0965478 0.909763 0.403745 -15.6586 -0.461226 0.400353 -0.791826 308.318
-0.881709 -0.100322 0.461004 -12.3475 0.109066 0.907321 0.406047 -15.4479 -0.459014 0.408295 -0.789051 307.752
-0.878499 -0.105124 0.466036 -11.9719 0.107864 0.906658 0.407844 -15.1168 -0.465409 0.408559 -0.785159 307.073
-0.874263 -0.118192 0.470845 -11.6191 0.0975963 0.907313 0.408971 -14.8549 -0.475541 0.403501 -0.781695 306.606
-0.870843 -0.124562 0.475517 -11.287 0.0938428 0.907442 0.409565 -14.5682 -0.48252 0.40129 -0.77855 306.042
-0.867528 -0.137883 0.477895 -10.9013 0.0824391 0.907659 0.411533 -14.3134 -0.490509 0.396413 -0.776053 305.583
-0.865426 -0.139908 0.481107 -10.5536 0.081968 0.907751 0.411424 -13.9844 -0.494287 0.395492 -0.774123 304.95
-0.86044 -0.14593 0.488209 -10.2638 0.079397 0.908015 0.411345 -13.6781 -0.503329 0.3927 -0.769706 304.392
-0.85443 -0.175415 0.48906 -9.88724 0.0530863 0.906883 0.418025 -13.7186 -0.516848 0.383136 -0.765556 304.478
-0.851522 -0.169424 0.49619 -9.85725 0.0625504 0.90677 0.416961 -13.9717 -0.520574 0.386089 -0.761537 304.676
-0.849605 -0.167786 0.500019 -9.57732 0.0647971 0.90766 0.414673 -14.0498 -0.523424 0.384709 -0.760281 304.875
-0.845783 -0.166344 0.506933 -9.27297 0.068655 0.908321 0.4126 -13.8983 -0.529091 0.383774 -0.756822 304.571
-0.840884 -0.16584 0.51518 -8.89036 0.072287 0.908952 0.410587 -13.6914 -0.536365 0.382497 -0.752335 304.268
-0.834626 -0.161974 0.526464 -8.32984 0.0815361 0.908926 0.408907 -13.3244 -0.544749 0.38421 -0.745407 303.154
-0.825096 -0.165012 0.540358 -8.0038 0.0850514 0.909225 0.407523 -13.0839 -0.558554 0.382204 -0.736164 302.725
-0.81594 -0.160308 0.555466 -7.42714 0.0970675 0.909163 0.40497 -12.7511 -0.569929 0.384349 -0.726262 302.124
-0.796159 -0.161964 0.583008 -7.29845 0.109814 0.908834 0.402444 -12.4971 -0.595039 0.384432 -0.705791 301.51
-0.781235 -0.164121 0.602276 -6.86435 0.116127 0.909767 0.398545 -12.2475 -0.613341 0.381297 -0.691683 301.137
-0.763314 -0.168098 0.623774 -6.47324 0.123128 0.91 0.395903 -12.0555 -0.634185 0.379002 -0.673919 300.807
-0.742627 -0.170261 0.647701 -6.06382 0.133788 0.909931 0.392589 -11.8771 -0.656205 0.378202 -0.65296 300.372
-0.715201 -0.168313 0.67835 -5.88549 0.152485 0.909612 0.386463 -11.7702 -0.682082 0.379836 -0.624891 300.202
-0.690298 -0.171918 0.702804 -5.45405 0.162076 0.909933 0.381778 -11.6367 -0.705138 0.377448 -0.600261 299.915
-0.662631 -0.179488 0.72712 -4.90028 0.171783 0.908552 0.380821 -11.5487 -0.728979 0.377251 -0.571202 299.586
-0.631134 -0.184812 0.753335 -4.46778 0.186216 0.906699 0.378446 -11.4259 -0.752989 0.379133 -0.537833 299.234
-0.599158 -0.181764 0.779725 -4.05381 0.206464 0.905872 0.369821 -11.1403 -0.773552 0.382567 -0.505233 298.943
-0.563214 -0.182273 0.805957 -3.41313 0.224233 0.905054 0.361383 -10.8904 -0.795304 0.384258 -0.468868 298.561
-0.525954 -0.182046 0.830802 -3.10511 0.24241 0.904222 0.351596 -10.7702 -0.815236 0.386318 -0.43145 298.417
-0.481671 -0.17987 0.857694 -2.67928 0.258621 0.905946 0.335227 -10.4321 -0.837322 0.383287 -0.38985 298.127
-0.439411 -0.179088 0.880253 -2.24947 0.276342 0.905454 0.322162 -10.2614 -0.854724 0.384813 -0.348377 297.961
-0.392689 -0.178763 0.902131 -1.73619 0.293135 0.905435 0.307016 -10.0504 -0.871704 0.385008 -0.303153 297.811
-0.337273 -0.176358 0.92474 -1.45152 0.310085 0.906668 0.286007 -9.75226 -0.888872 0.383211 -0.251109 297.539
-0.286919 -0.177193 0.941424 -0.890598 0.325757 0.906131 0.269831 -9.68628 -0.900866 0.384096 -0.202265 297.492
-0.238061 -0.175389 0.955283 -0.457394 0.345102 0.904104 0.251993 -9.56978 -0.907872 0.38966 -0.154705 297.619
-0.18206 -0.171552 0.968207 -0.0523559 0.368601 0.900953 0.228947 -9.36126 -0.911585 0.398564 -0.100793 297.694
-0.120347 -0.174184 0.977331 0.305632 0.384049 0.899664 0.207633 -9.29274 -0.915436 0.400331 -0.0413769 297.679
-0.0582105 -0.178173 0.982276 0.624803 0.399003 0.897785 0.186492 -9.26002 -0.9151 0.402787 0.0188309 297.725
0.01041 -0.173698 0.984744 1.00213 0.407386 0.900099 0.154461 -9.06411 -0.913197 0.399563 0.0801321 297.742
0.0712834 -0.177018 0.981623 1.40067 0.412812 0.901124 0.132524 -9.06562 -0.908023 0.395779 0.13731 297.905
0.132085 -0.17557 0.975566 1.87352 0.414222 0.903913 0.106592 -8.98087 -0.900541 0.390021 0.192118 298.102
0.19318 -0.176681 0.965124 2.30181 0.41246 0.90714 0.083508 -9.00446 -0.890257 0.381943 0.248115 298.245
0.260783 -0.174304 0.949532 2.47794 0.418411 0.906794 0.0515453 -8.78872 -0.870014 0.383852 0.309407 298.229
0.315668 -0.172289 0.933097 2.77067 0.423386 0.905632 0.0239855 -8.74067 -0.849175 0.387489 0.358823 298.455
0.377647 -0.173898 0.909473 3.17962 0.426005 0.904712 -0.00390483 -8.70958 -0.822133 0.388915 0.415744 298.653
0.437814 -0.172719 0.882319 3.55812 0.422662 0.905707 -0.0324304 -8.69344 -0.793521 0.387121 0.469533 298.91
0.492183 -0.171482 0.853434 3.87105 0.421252 0.904882 -0.0611206 -8.65364 -0.761776 0.389593 0.517605 299.294
0.549589 -0.174759 0.816952 4.17486 0.414202 0.906227 -0.0847905 -8.68746 -0.725526 0.384984 0.570438 299.527
0.609417 -0.190561 0.769608 4.61971 0.403799 0.909961 -0.0944357 -8.89654 -0.682317 0.368318 0.631494 299.732
0.660876 -0.19478 0.724778 4.93961 0.39288 0.912623 -0.112978 -9.00823 -0.639444 0.359416 0.679656 300.038
0.711932 -0.192884 0.67524 5.28119 0.381196 0.913692 -0.140911 -9.0152 -0.589782 0.357718 0.724013 300.421
0.757142 -0.189618 0.625124 5.59393 0.366578 0.915399 -0.166328 -9.05013 -0.540699 0.355091 0.762597 300.839
0.794551 -0.203827 0.571965 5.84298 0.365519 0.912738 -0.182498 -9.23325 -0.484856 0.354068 0.799719 301.186
0.827343 -0.225266 0.514547 6.08497 0.371459 0.906569 -0.200378 -9.36184 -0.421334 0.356915 0.83372 301.445
0.859718 -0.231999 0.455041 6.4146 0.362856 0.904411 -0.224446 -9.48418 -0.359472 0.358075 0.86172 301.892
0.884244 -0.227962 0.407609 6.59388 0.345239 0.906836 -0.24178 -9.68468 -0.314518 0.354516 0.880566 302.483
0.909001 -0.20847 0.360912 6.68869 0.313691 0.912354 -0.263076 -9.76697 -0.274436 0.352351 0.894725 303.01
0.927768 -0.203559 0.312747 6.92307 0.294784 0.913686 -0.279786 -9.90903 -0.2288 0.351769 0.907694 303.652
0.943013 -0.198754 0.266876 7.03431 0.275431 0.916263 -0.290861 -10.0602 -0.186719 0.347791 0.918791 304.211
0.953802 -0.205308 0.21934 7.09019 0.266223 0.915926 -0.300342 -10.2479 -0.139236 0.34486 0.92827 304.698
0.964134 -0.201754 0.172454 7.08278 0.247843 0.916851 -0.312982 -10.4491 -0.0949691 0.344498 0.933971 305.296
0.973707 -0.188887 0.127344 7.09061 0.221126 0.918051 -0.329069 -10.5999 -0.0547515 0.348576 0.93568 305.902
0.977757 -0.19172 0.0850606 7.04385 0.209261 0.919164 -0.333687 -10.9086 -0.0142101 0.344064 0.938838 306.417
0.982244 -0.182842 0.0420088 7.03436 0.185877 0.918151 -0.349926 -11.0354 0.025411 0.351522 0.935835 307.069
0.983693 -0.179853 -0.00104256 7.03409 0.167376 0.91754 -0.360702 -11.274 0.0658301 0.354646 0.93268 307.716
0.983158 -0.177581 -0.0431844 7.00325 0.149259 0.916568 -0.370979 -11.4379 0.10546 0.358285 0.927637 308.365
0.982054 -0.170014 -0.0816371 6.82612 0.127143 0.916522 -0.379238 -11.67 0.139298 0.362052 0.921691 309.249
0.979469 -0.159174 -0.123708 6.86608 0.100037 0.916534 -0.387244 -11.8351 0.175022 0.366918 0.91364 309.732
0.971828 -0.164544 -0.168749 6.79719 0.0881482 0.917755 -0.387242 -12.3251 0.218588 0.361458 0.906404 310.725
0.96399 -0.162087 -0.210836 6.58735 0.0695432 0.918851 -0.388429 -12.7637 0.256686 0.359779 0.897035 311.556
0.954693 -0.161183 -0.250162 6.54465 0.0523314 0.918451 -0.392059 -12.8163 0.292955 0.361204 0.885273 312.106
0.947009 -0.143136 -0.287554 6.28658 0.0191476 0.918788 -0.394286 -13.3302 0.320637 0.367886 0.872841 313.036
0.934478 -0.144837 -0.325229 5.72692 0.00511743 0.918878 -0.394509 -13.8714 0.355985 0.366995 0.859412 314.154
0.921128 -0.146135 -0.360787 5.65834 -0.00746466 0.920054 -0.391721 -14.2065 0.389187 0.363518 0.846397 314.65
0.906501 -0.154171 -0.393048 5.23246 -0.00968748 0.923105 -0.384427 -14.8239 0.422092 0.352291 0.835302 315.337
0.89383 -0.146357 -0.423848 5.24611 -0.0312953 0.922567 -0.384565 -14.9762 0.447312 0.357 0.820038 315.726
0.879854 -0.151697 -0.450383 4.68481 -0.0389186 0.921506 -0.38641 -15.2246 0.473648 0.357512 0.804887 316.584
0.867951 -0.144018 -0.47531 4.26675 -0.0590599 0.920312 -0.3867 -15.4765 0.493126 0.363709 0.79028 317.236
0.853602 -0.144926 -0.50036 3.66196 -0.069498 0.920252 -0.385107 -15.9335 0.516269 0.363502 0.775456 318.12
0.840017 -0.148344 -0.521887 3.10812 -0.0749686 0.920935 -0.382438 -16.2337 0.537356 0.36038 0.762479 318.887
0.828499 -0.141361 -0.541855 2.68024 -0.0890776 0.922026 -0.376741 -16.629 0.552861 0.360396 0.751305 319.367
0.815944 -0.1376 -0.561517 2.18148 -0.0992389 0.923511 -0.370512 -17.1042 0.569549 0.358041 0.739878 320.172
0.80584 -0.133451 -0.576899 1.27965 -0.11005 0.923544 -0.367362 -17.6722 0.581817 0.359523 0.729542 321.1
0.798371 -0.129177 -0.588147 0.214434 -0.120692 0.922573 -0.366459 -18.3014 0.589947 0.363555 0.720965 322.059
0.790599 -0.127377 -0.598939 -0.225421 -0.128026 0.922122 -0.365102 -18.6955 0.598801 0.365329 0.712722 322.936
0.78673 -0.12007 -0.605508 -1.01863 -0.140536 0.920304 -0.36509 -19.1059 0.601087 0.372323 0.707156 323.995
0.783536 -0.121891 -0.609273 -1.33307 -0.14003 0.920703 -0.364278 -19.1718 0.605361 0.370741 0.704336 324.816
0.780279 -0.12894 -0.611997 -2.39753 -0.136131 0.920044 -0.367405 -19.738 0.610437 0.36999 0.700338 326.382
0.783867 -0.127643 -0.607668 -3.22009 -0.137061 0.918935 -0.369829 -20.1893 0.605613 0.373184 0.702827 327.212
0.784704 -0.130399 -0.605999 -4.09298 -0.133758 0.918971 -0.370947 -20.6245 0.605267 0.372141 0.703678 328.308
0.785606 -0.132101 -0.604461 -4.87315 -0.130635 0.919506 -0.370735 -21.0982 0.60478 0.370215 0.705112 329.24
0.786981 -0.134468 -0.602146 -5.84485 -0.126705 0.919935 -0.371032 -21.6117 0.603827 0.36829 0.706934 330.356
0.787295 -0.130464 -0.602615 -6.67512 -0.128013 0.921474 -0.36674 -22.4227 0.603141 0.365876 0.708771 331.593
0.790269 -0.129672 -0.598882 -7.36442 -0.125733 0.92224 -0.365601 -22.9206 0.599721 0.364222 0.712514 332.515
0.791339 -0.127254 -0.597987 -8.02631 -0.126453 0.922881 -0.363732 -23.5871 0.598157 0.363453 0.71422 333.805
