0.999996 0.00214409 -0.00207962 -0.0906389 -0.00214772 0.999996 -0.00174421 0.0205412 0.00207587 0.00174866 0.999996 0.103497
0.999878 0.000572965 -0.0156214 0.0464519 -0.000594423 0.999999 -0.00136899 0.0244693 0.0156206 0.00137811 0.999877 0.321983
0.999721 0.00149558 -0.0235825 0.000712851 -0.00152155 0.999998 -0.00108339 -0.00155632 0.0235809 0.00111897 0.999721 0.483606
0.999481 0.00599758 -0.0316616 0.00226047 -0.00604065 0.999981 -0.00126457 -0.0346233 0.0316534 0.00145517 0.999498 0.474647
0.99929 0.00989297 -0.0363591 -0.116238 -0.0102661 0.999896 -0.0100905 0.0377441 0.0362555 0.0104566 0.999288 0.528968
0.998727 0.00916861 -0.0496093 -0.124889 -0.00981987 0.999869 -0.0128999 0.120213 0.0494845 0.0133706 0.998685 0.525811
0.997684 0.00924039 -0.0673816 -0.139571 -0.0101062 0.999871 -0.0125195 0.11203 0.0672572 0.0131714 0.997649 0.711586
0.996156 0.00980309 -0.087042 -0.132279 -0.0107641 0.999886 -0.0105777 0.0686177 0.0869284 0.011474 0.996148 0.766881
0.994112 0.00873803 -0.108007 -0.169579 -0.0099131 0.999897 -0.0103474 0.0730433 0.107906 0.0113572 0.994096 0.983702
0.991625 0.00341599 -0.129103 -0.262181 -0.00502453 0.999914 -0.0121358 0.120048 0.12905 0.0126828 0.991557 1.14622
0.988309 0.00269577 -0.152438 -0.350112 -0.00447052 0.999926 -0.0113009 0.10143 0.152396 0.0118503 0.988248 1.32673
0.984252 0.0146743 -0.176163 -0.434316 -0.0175813 0.999734 -0.0149521 0.0894651 0.175897 0.0178138 0.984247 1.47785
0.978525 0.0184862 -0.205298 -0.469439 -0.0218955 0.999657 -0.0143471 0.0632856 0.204963 0.0185341 0.978594 1.65736
0.971796 0.0224908 -0.234749 -0.524811 -0.0257231 0.999612 -0.0107159 -0.0425828 0.234416 0.0164521 0.971997 1.68195
0.963181 0.019866 -0.268118 -0.541005 -0.023323 0.999681 -0.00971424 -0.033339 0.26784 0.0156099 0.963337 1.82009
0.95479 0.0191204 -0.296665 -0.743028 -0.0230687 0.999686 -0.00981381 -0.0164468 0.296384 0.0162138 0.954931 2.00854
0.941961 0.0171662 -0.335282 -0.683077 -0.0223629 0.999682 -0.0116446 0.0773426 0.334975 0.0184667 0.942046 2.03703
0.928045 0.00966862 -0.372342 -0.755518 -0.0137105 0.999872 -0.00820897 0.0313247 0.372216 0.0127233 0.928059 2.30011
0.913591 0.0108202 -0.406491 -0.923686 -0.0166058 0.999805 -0.0107082 0.068419 0.406296 0.016533 0.913592 2.69356
0.895222 0.00941121 -0.445522 -0.958383 -0.0146999 0.999857 -0.0084166 0.0334455 0.445378 0.0140838 0.895232 2.81407
0.876794 0.00233493 -0.480861 -1.12944 -0.00807162 0.999919 -0.00986231 0.0327339 0.480799 0.0125285 0.876741 3.02748
0.854653 0.00661302 -0.519157 -1.29377 -0.0104556 0.999935 -0.00447517 -0.0665884 0.519094 0.00925282 0.854667 3.27705
0.827403 0.0096469 -0.561526 -1.51793 -0.0155763 0.999862 -0.00577408 0.000361741 0.561393 0.013524 0.827439 3.7168
0.797072 0.0117162 -0.603771 -1.62766 -0.0166778 0.999857 -0.00261501 -0.0301407 0.603654 0.0121539 0.797154 3.79498
0.764454 0.01577 -0.644485 -1.84416 -0.0199148 0.999801 0.00084249 -0.0540421 0.64437 0.0121907 0.764616 3.95036
0.726512 0.013867 -0.687014 -2.04354 -0.0185959 0.999827 0.000515994 -0.0401759 0.686903 0.0124008 0.726644 4.12895
0.687046 0.00903603 -0.726558 -2.28445 -0.0146274 0.999892 -0.00139648 -0.0152872 0.726467 0.0115871 0.687104 4.28206
0.641576 0.00684665 -0.767029 -2.50545 -0.0104668 0.999945 0.000170866 -0.032609 0.766988 0.00791868 0.641612 4.45791
0.601552 0.0029972 -0.798828 -2.80457 -0.0055342 0.999985 -0.000415556 0.00495036 0.798814 0.00467086 0.601559 4.5337
0.552147 0.00414473 -0.833736 -3.11205 -0.00190605 0.999991 0.00370894 -0.0358166 0.833744 -0.000458736 0.55215 4.67296
0.499112 0.00454249 -0.866526 -3.3378 0.00679928 0.999935 0.00915817 -0.064484 0.866511 -0.0104627 0.499048 4.78225
0.442807 0.00578416 -0.896598 -3.82181 0.00682725 0.999928 0.00982257 -0.0630907 0.896591 -0.0104708 0.442735 5.0303
0.389125 0.0117019 -0.921111 -3.8712 0.00290498 0.999899 0.01393 -0.116376 0.92118 -0.00809633 0.389051 5.03636
0.336295 0.0137777 -0.941656 -3.51516 0.000492376 0.99989 0.0148056 -0.165587 0.941756 -0.0054427 0.336252 5.01866
0.279736 0.0155855 -0.95995 -4.1957 -0.00773298 0.999872 0.0139803 -0.0875017 0.960046 0.00351249 0.279821 5.17874
0.224893 0.0161646 -0.974249 -4.53799 -0.00388374 0.999869 0.0156932 -0.0510743 0.974376 0.000254445 0.224927 5.2238
0.172126 0.0167269 -0.984933 -4.97883 -0.00390636 0.99986 0.0162977 -0.0540347 0.985067 0.00104226 0.172167 5.26639
0.128021 0.0147226 -0.991662 -5.3341 -0.0191617 0.99974 0.0123688 -0.0398486 0.991586 0.0174185 0.12827 5.18693
0.0855141 0.0145568 -0.996231 -5.72627 -0.0191166 0.999733 0.012967 -0.0282734 0.996154 0.0179357 0.0857695 5.2111
0.0474174 0.0151821 -0.99876 -6.19015 -0.0177829 0.999739 0.0143527 -0.0452491 0.998717 0.0170802 0.047675 5.21538
0.0107196 0.0132732 -0.999854 -6.67413 -0.0137563 0.999819 0.0131253 -0.059645 0.999848 0.0136136 0.0109002 5.22088
-0.0202373 -0.00228381 -0.999793 -7.32209 -0.0405548 0.999176 -0.00146151 0.109972 0.998972 0.0405168 -0.0203132 5.25944
-0.0464659 -0.00903195 -0.998879 -7.89247 -0.0503263 0.99871 -0.00668934 0.157546 0.997651 0.0499591 -0.0468606 5.24894
-0.0680096 -0.0136724 -0.997591 -8.55651 -0.0575437 0.998295 -0.00975912 0.200883 0.996024 0.0567414 -0.0686804 5.2844
-0.0858958 -0.0133136 -0.996215 -8.9029 -0.0639371 0.997923 -0.00782364 0.109564 0.99425 0.0630231 -0.0865687 5.30816
-0.102085 -0.0108196 -0.994717 -9.30862 -0.0489412 0.998785 -0.00584109 0.119738 0.993571 0.0480864 -0.102491 5.33308
-0.113136 -0.0110706 -0.993518 -9.86041 -0.0463858 0.998906 -0.00584849 0.160494 0.992496 0.0454235 -0.113526 5.30744
-0.120588 -0.0110791 -0.992641 -10.3304 -0.056657 0.998385 -0.00426042 0.147408 0.991085 0.0557263 -0.121021 5.30327
-0.1244 -0.0121583 -0.992158 -10.9959 -0.0624136 0.998041 -0.00440471 0.146633 0.990267 0.0613762 -0.124915 5.18396
-0.128367 -0.0123069 -0.99165 -11.5066 -0.0628421 0.998014 -0.00425108 0.137609 0.989734 0.0617716 -0.128886 5.19977
-0.128522 -0.0095568 -0.991661 -12.0992 -0.0575423 0.998341 -0.00216353 0.12108 0.990036 0.0567843 -0.128859 5.11316
-0.126622 -0.00743706 -0.991923 -12.732 -0.0554454 0.998462 -0.00040829 0.128305 0.9904 0.0549458 -0.12684 5.03261
-0.124373 -0.0081441 -0.992202 -13.3384 -0.0614046 0.998113 -0.000495551 0.122656 0.990334 0.0608641 -0.124638 4.92551
-0.120807 -0.00894991 -0.992636 -14.0046 -0.0731036 0.997324 -9.52506e-05 0.0805294 0.989981 0.0725538 -0.121138 4.79493
-0.120747 -0.00918551 -0.992641 -14.7032 -0.0753118 0.99716 -6.62112e-05 0.0618022 0.989822 0.0747496 -0.121096 4.72405
-0.118901 -0.00884548 -0.992867 -15.3629 -0.0870427 0.996203 0.00154862 0.0167517 0.989083 0.086606 -0.11922 4.68889
-0.117161 -0.00530122 -0.993099 -16.0688 -0.090176 0.995912 0.00532226 -0.00267161 0.98901 0.0901773 -0.11716 4.63558
-0.117608 -0.00324693 -0.993055 -16.617 -0.091738 0.995754 0.00760882 0.00795093 0.988814 0.0919958 -0.117406 4.67306
-0.118345 -0.00197011 -0.992971 -17.2351 -0.0971921 0.995219 0.0096091 -0.0726609 0.988204 0.0976461 -0.117971 4.70202
-0.118201 -0.00364554 -0.992983 -17.9592 -0.101368 0.994813 0.00841417 -0.126687 0.987802 0.101651 -0.117957 4.64708
-0.115686 -0.00739631 -0.993258 -18.8912 -0.105325 0.994426 0.00486227 -0.0890186 0.987686 0.105177 -0.11582 4.50078
-0.114122 -0.00412306 -0.993458 -19.8895 -0.0927037 0.995672 0.00651695 -0.0751692 0.989132 0.092841 -0.11401 4.29328
-0.109379 0.00411958 -0.993992 -20.7683 -0.0863537 0.996171 0.013631 -0.156287 0.990242 0.0873258 -0.108604 4.105
-0.108095 0.00630806 -0.994121 -21.4025 -0.0881533 0.99598 0.0159051 -0.207757 0.990224 0.0893543 -0.107104 4.10781
-0.10396 0.000137866 -0.994581 -22.5432 -0.0851372 0.996328 0.0090372 -0.121537 0.990931 0.0856154 -0.103567 3.81421
-0.106032 -0.00712059 -0.994337 -23.2047 -0.0836498 0.996494 0.00178402 -0.105281 0.990838 0.0833653 -0.106256 3.86308
-0.109646 -0.0100824 -0.99392 -23.801 -0.0771676 0.997017 -0.00160091 -0.112331 0.990971 0.0765229 -0.110097 3.93466
-0.117395 -0.00870676 -0.993047 -24.4884 -0.0819525 0.996636 0.000949975 -0.178336 0.989698 0.0814942 -0.117714 4.06656
-0.118602 -0.00218129 -0.992939 -24.9252 -0.091565 0.995761 0.00874956 -0.227633 0.988711 0.0919562 -0.118299 4.15199
-0.117852 0.00472365 -0.99302 -25.8915 -0.101162 0.994729 0.0167377 -0.270062 0.987865 0.102429 -0.116753 3.96628
-0.115359 0.00649944 -0.993303 -26.6369 -0.104901 0.994307 0.0186889 -0.194886 0.987769 0.106355 -0.11402 3.85517
-0.11569 0.00615725 -0.993266 -27.5249 -0.104279 0.99438 0.0183099 -0.173963 0.987796 0.105695 -0.114397 3.73617
-0.118329 0.00249828 -0.992971 -28.3538 -0.0983707 0.995048 0.014226 -0.127106 0.98809 0.0993626 -0.117497 3.70093
-0.118653 0.000834023 -0.992935 -29.1674 -0.0881871 0.996039 0.0113747 -0.128566 0.989012 0.0889137 -0.11811 3.60468
-0.118532 0.00300292 -0.992946 -30.0423 -0.0849465 0.996299 0.0131535 -0.147693 0.98931 0.0859064 -0.117838 3.45781
-0.118219 0.00551996 -0.992972 -30.9296 -0.0941112 0.995421 0.0167381 -0.24142 0.988518 0.0954286 -0.117159 3.34513
-0.120501 0.00147547 -0.992712 -31.8351 -0.0967464 0.995221 0.0132228 -0.183484 0.987988 0.0976347 -0.119782 3.32319
-0.115813 -0.00528009 -0.993257 -32.6419 -0.0957126 0.995392 0.00586857 -0.108888 0.988649 0.0957469 -0.115785 3.11003
-0.116819 -0.00783837 -0.993122 -33.3789 -0.093418 0.995622 0.00313048 -0.176504 0.98875 0.0931412 -0.11704 3.03045
-0.115689 -0.00600117 -0.993267 -34.3297 -0.0889091 0.99603 0.00433762 -0.176498 0.989298 0.0888123 -0.115763 2.87247
-0.115944 -0.00195814 -0.993254 -35.0988 -0.08649 0.99622 0.00813211 -0.227291 0.989483 0.0868494 -0.115675 2.79996
-0.116088 0.0031954 -0.993234 -35.852 -0.0845606 0.996332 0.0130887 -0.249134 0.989633 0.0855079 -0.115392 2.71142
-0.114533 0.0082098 -0.993386 -36.7287 -0.0823946 0.996442 0.0177348 -0.230916 0.989997 0.0838809 -0.113449 2.57279
-0.114602 0.00897094 -0.993371 -37.5708 -0.0873099 0.995999 0.0190674 -0.153664 0.989567 0.0889163 -0.113361 2.48068
-0.115477 0.0097451 -0.993262 -38.3809 -0.0866373 0.996042 0.0198448 -0.177965 0.989525 0.0883452 -0.114175 2.43598
-0.115555 0.00518769 -0.993288 -39.1447 -0.0880559 0.995996 0.0154459 -0.167849 0.98939 0.0892497 -0.114636 2.34465
-0.115314 0.00222438 -0.993327 -39.8375 -0.0907586 0.995791 0.0127659 -0.204786 0.989174 0.091625 -0.114627 2.2363
-0.113437 0.00628713 -0.993525 -40.5908 -0.0959321 0.995238 0.0172512 -0.302163 0.988903 0.0972679 -0.112294 2.10174
-0.107709 0.00998701 -0.994132 -41.5144 -0.101271 0.994638 0.0209643 -0.391011 0.989011 0.102935 -0.10612 1.84085
-0.107688 0.00835791 -0.99415 -42.295 -0.100167 0.994785 0.0192136 -0.387007 0.989126 0.10165 -0.106289 1.73612
-0.104924 0.00411891 -0.994472 -43.2475 -0.0953975 0.995338 0.0141876 -0.345717 0.989894 0.0963588 -0.104042 1.51358
-0.104619 0.00528123 -0.994498 -43.9915 -0.086283 0.996167 0.0143669 -0.37967 0.990762 0.0873113 -0.103762 1.40587
-0.106588 0.0103497 -0.994249 -44.8598 -0.0813471 0.996503 0.019094 -0.392351 0.99097 0.0829145 -0.105374 1.30726
-0.108467 0.0164434 -0.993964 -45.7169 -0.0770944 0.996713 0.0249019 -0.37463 0.991106 0.0793301 -0.106843 1.22093
-0.105567 0.0282011 -0.994012 -46.3441 -0.0685009 0.997017 0.0355614 -0.474364 0.99205 0.0718449 -0.103321 1.02495
-0.10549 0.0282877 -0.994018 -47.1265 -0.0685511 0.997011 0.0356478 -0.481861 0.992055 0.0719015 -0.103235 0.920318
-0.109018 0.0267326 -0.99368 -47.8335 -0.0541693 0.997993 0.0327916 -0.462272 0.992563 0.0574019 -0.107352 0.898955
-0.111879 0.0238163 -0.993436 -48.5684 -0.0576283 0.997875 0.0304127 -0.46852 0.992049 0.0606526 -0.110268 0.848843
-0.114507 0.0220292 -0.993178 -49.3682 -0.066023 0.997375 0.0297343 -0.471439 0.991226 0.0689773 -0.112752 0.752543
-0.114168 0.0214565 -0.99323 -50.1158 -0.070083 0.997102 0.0295959 -0.459004 0.990986 0.0729874 -0.112333 0.623548
-0.116059 0.0231357 -0.992973 -50.9003 -0.0692115 0.99711 0.0313215 -0.451549 0.990828 0.0723603 -0.114122 0.533321
-0.115988 0.0210181 -0.993028 -51.7307 -0.0737004 0.996838 0.0297071 -0.41426 0.990512 0.0766322 -0.114072 0.408841
-0.117201 0.0209058 -0.992888 -52.5104 -0.0735909 0.996847 0.0296759 -0.398785 0.990378 0.0765456 -0.115293 0.311131
-0.116957 0.0253551 -0.992813 -53.2345 -0.0676203 0.997151 0.0334318 -0.426377 0.990832 0.0710444 -0.114909 0.176052
-0.117707 0.023767 -0.992764 -53.994 -0.0711515 0.996942 0.0323031 -0.35385 0.990496 0.0744389 -0.115656 0.0938226
-0.117939 0.0286939 -0.992606 -54.8112 -0.0704154 0.996825 0.0371824 -0.335613 0.990521 0.07428 -0.115544 0.0266926
-0.118994 0.0294451 -0.992458 -55.5721 -0.072753 0.996615 0.0382914 -0.315651 0.990226 0.0767607 -0.116449 -0.0603667
-0.119231 0.0291815 -0.992438 -56.3766 -0.0726403 0.996633 0.0380319 -0.292388 0.990206 0.0766256 -0.11671 -0.188406
-0.120244 0.0275004 -0.992363 -57.1518 -0.0709293 0.996824 0.0362184 -0.29509 0.990207 0.0747426 -0.117911 -0.249193
-0.120865 0.0265751 -0.992313 -57.9834 -0.0751762 0.996526 0.0358445 -0.272481 0.989818 0.0789306 -0.118447 -0.343095
-0.120948 0.0237929 -0.992374 -58.6981 -0.0766977 0.9965 0.0332395 -0.261351 0.989691 0.080133 -0.1187 -0.439317
-0.121227 0.019967 -0.992424 -59.386 -0.0786515 0.996461 0.0296557 -0.243487 0.989504 0.0816507 -0.119228 -0.472856
-0.120004 0.0141967 -0.992672 -60.2237 -0.0827705 0.996273 0.0242543 -0.171226 0.989317 0.0850746 -0.118382 -0.5964
-0.115721 0.0167754 -0.99314 -60.8516 -0.083335 0.996168 0.0265368 -0.197341 0.98978 0.0858342 -0.11388 -0.666476
-0.110339 0.018546 -0.993721 -61.5703 -0.0820123 0.996246 0.0276995 -0.219456 0.990505 0.0845537 -0.108404 -0.73774
-0.102129 0.0178011 -0.994612 -62.2074 -0.0817739 0.996306 0.0262281 -0.160466 0.991404 0.0840119 -0.100296 -0.822078
-0.0927377 0.0190705 -0.995508 -62.8832 -0.0800556 0.996437 0.0265459 -0.157064 0.992467 0.0821578 -0.0908806 -0.901305
-0.0815087 0.0247498 -0.996365 -63.5666 -0.0763892 0.996596 0.0310046 -0.185084 0.993741 0.0786387 -0.0793406 -0.971848
-0.0675717 0.0255116 -0.997388 -64.2372 -0.0808373 0.996246 0.030959 -0.159797 0.994434 0.0827181 -0.0652557 -1.00766
-0.0507269 0.0352619 -0.99809 -64.8205 -0.0812735 0.995916 0.0393157 -0.27962 0.9954 0.0831126 -0.0476539 -1.01646
-0.0286482 0.0368662 -0.998909 -65.4128 -0.0814133 0.995914 0.0390905 -0.29874 0.996269 0.0824444 -0.0255297 -1.02886
-0.00243043 0.0379589 -0.999276 -66.0288 -0.0777086 0.99625 0.038033 -0.310368 0.996973 0.0777448 0.000528413 -1.03016
0.0397371 0.0356295 -0.998575 -66.6684 -0.0764161 0.996546 0.0325162 -0.258403 0.996284 0.0750151 0.0423225 -1.2276
0.0757167 0.0389725 -0.996367 -67.1768 -0.076307 0.996532 0.0331801 -0.291845 0.994205 0.0735176 0.078428 -1.19863
0.113472 0.0383345 -0.992801 -67.698 -0.0767935 0.996604 0.0297042 -0.262699 0.990569 0.0728701 0.116031 -1.13497
0.152735 0.0380885 -0.987533 -68.1629 -0.0756374 0.996777 0.0267468 -0.269033 0.985369 0.0706093 0.155123 -0.978494
0.199333 0.039387 -0.97914 -68.6331 -0.0741764 0.996932 0.0250018 -0.269685 0.97712 0.0676454 0.201643 -0.898327
0.248998 0.0476708 -0.96733 -69.0215 -0.058805 0.997689 0.03403 -0.449029 0.966717 0.0484104 0.251226 -0.786039
0.30115 0.0422358 -0.952641 -69.4479 -0.0517447 0.998271 0.0279012 -0.439242 0.952172 0.0408917 0.302814 -0.63194
0.355246 0.0378473 -0.934006 -69.8596 -0.046522 0.998658 0.0227726 -0.4493 0.933615 0.035362 0.35653 -0.481741
0.4087 0.0324691 -0.912091 -70.2636 -0.0423376 0.998966 0.0165905 -0.423035 0.911686 0.0318352 0.409652 -0.264421
0.454355 0.0289334 -0.890351 -70.6386 -0.0405532 0.999108 0.011773 -0.397102 0.889897 0.0307574 0.455123 0.102276
0.508043 0.0375071 -0.860515 -71.1111 -0.0462025 0.9988 0.0162568 -0.497818 0.860092 0.0314988 0.509166 0.298899
0.549161 0.0307531 -0.835151 -71.4855 -0.0378952 0.999211 0.0118761 -0.467132 0.834857 0.0251263 0.549893 0.65219
0.593415 0.0259544 -0.804478 -71.7802 -0.0269053 0.999561 0.0124019 -0.501361 0.804447 0.0142853 0.593853 0.943787
0.633516 0.0198121 -0.773476 -71.9693 -0.0182813 0.999776 0.0106353 -0.544695 0.773514 0.00740251 0.633736 1.21071
0.677095 0.029362 -0.73531 -72.2396 -0.0327615 0.999416 0.00974037 -0.635526 0.735166 0.0174947 0.677661 1.47662
0.720707 0.0301575 -0.692584 -72.6839 -0.0410378 0.999157 0.000802645 -0.724267 0.692024 0.0278436 0.721337 1.88143
0.761039 0.0230265 -0.648298 -73.0862 -0.0410904 0.999074 -0.0127507 -0.687052 0.647404 0.0363426 0.76128 2.33206
0.796419 0.0178014 -0.604483 -73.3201 -0.0391294 0.998989 -0.0221347 -0.651941 0.603478 0.0412816 0.79631 2.78625
0.830621 0.0202914 -0.556468 -73.546 -0.0411228 0.998842 -0.0249602 -0.703445 0.555317 0.043616 0.830494 3.14563
0.861163 0.0219274 -0.507856 -73.7867 -0.0431748 0.998614 -0.0300941 -0.726615 0.506492 0.0478425 0.860916 3.62476
0.885394 0.0308654 -0.463815 -73.606 -0.050602 0.998263 -0.0301648 -0.723985 0.462078 0.0501777 0.885419 3.90588
0.907422 0.0413339 -0.418183 -73.9056 -0.0600105 0.997697 -0.0316038 -0.792504 0.415914 0.0537733 0.907813 4.45245
0.924914 0.0567654 -0.375915 -74.2762 -0.0749662 0.996608 -0.0339556 -0.876409 0.372712 0.0595869 0.926032 5.18307
0.937867 0.0596287 -0.341834 -74.3868 -0.0763661 0.99644 -0.0357038 -0.911522 0.338489 0.0595899 0.939082 5.82376
0.94799 0.0688128 -0.310773 -74.4501 -0.0835033 0.99592 -0.0341991 -1.00667 0.307152 0.058371 0.949869 6.13303
0.9574 0.0622359 -0.281978 -74.7545 -0.0768901 0.996188 -0.0411944 -0.906862 0.278339 0.0611208 0.958536 6.85505
0.962099 0.0453722 -0.268898 -74.6702 -0.0595261 0.997225 -0.0447153 -0.856238 0.266123 0.059027 0.96213 7.34312
0.967519 0.0402085 -0.249581 -74.7408 -0.0529851 0.997595 -0.044684 -0.863793 0.247184 0.0564567 0.967322 7.89368
0.971369 0.0695569 -0.227166 -75 -0.0817161 0.995659 -0.0445557 -0.989425 0.223081 0.0618432 0.972836 8.46867
0.974215 0.0713162 -0.214053 -75.1751 -0.0830092 0.99548 -0.046133 -1.00081 0.209796 0.0627119 0.975732 9.15048
0.976844 0.0705458 -0.20199 -75.2498 -0.0815185 0.995586 -0.0465192 -1.04509 0.197816 0.0619079 0.978282 9.77875
0.979434 0.0821064 -0.184303 -75.5477 -0.091981 0.994713 -0.0456697 -1.13947 0.179579 0.0616828 0.981808 10.6235
0.982408 0.0784025 -0.169491 -75.6933 -0.0873342 0.995122 -0.0458892 -1.16289 0.165066 0.0598843 0.984463 11.3423
0.985259 0.0583481 -0.160811 -75.5761 -0.06623 0.99683 -0.0440925 -1.13744 0.157729 0.0540931 0.986 11.8521
0.987123 0.0447241 -0.153583 -75.5947 -0.0527661 0.997419 -0.0486905 -1.13928 0.151009 0.0561675 0.986935 12.629
0.98899 0.0385595 -0.142869 -75.8043 -0.0470089 0.99731 -0.0562443 -1.10918 0.140316 0.0623412 0.988142 13.5977
0.990504 0.0371893 -0.132357 -75.9257 -0.0456674 0.997055 -0.0616058 -1.20975 0.129677 0.0670652 0.989286 14.1888
0.991692 0.0358218 -0.123547 -76.2184 -0.0437156 0.997132 -0.0617851 -1.28248 0.120979 0.0666727 0.990413 15.667
0.992171 0.0359212 -0.119613 -76.2602 -0.0426499 0.99762 -0.0541767 -1.35501 0.117382 0.058854 0.991341 16.3983
0.992877 0.0415717 -0.111655 -76.4448 -0.047103 0.997766 -0.0473658 -1.37014 0.109436 0.0522876 0.992618 17.0846
0.994084 0.0371689 -0.102053 -76.6111 -0.0418219 0.998163 -0.0438393 -1.41207 0.100236 0.047848 0.993813 17.9154
0.994029 0.0474637 -0.0982509 -76.5546 -0.0522187 0.997557 -0.0464034 -1.47839 0.0958084 0.0512569 0.994079 18.2717
0.994094 0.0318456 -0.103742 -76.4009 -0.0368899 0.99821 -0.0470726 -1.53226 0.102058 0.0506217 0.99349 18.7136
0.994372 0.0379552 -0.0989125 -76.5522 -0.0427537 0.997986 -0.0468529 -1.58373 0.096935 0.0508181 0.993993 19.5211
0.994507 0.0365845 -0.098071 -76.6234 -0.0411301 0.998152 -0.0447348 -1.64791 0.0962531 0.0485227 0.994173 20.3526
0.994919 0.0278654 -0.0967405 -76.6097 -0.0319476 0.998652 -0.0409087 -1.69417 0.0954702 0.0437915 0.994469 20.9453
0.995125 0.0171398 -0.0971165 -76.602 -0.0210657 0.998996 -0.0395443 -1.79128 0.0963412 0.0413974 0.994487 21.5965
0.995411 0.0253755 -0.0922644 -76.7032 -0.029606 0.998558 -0.0447767 -1.85599 0.0909951 0.0473028 0.994727 22.329
0.9954 0.0246891 -0.0925663 -76.7407 -0.0296255 0.99819 -0.0523388 -1.90787 0.0911066 0.0548404 0.99433 23.1524
0.99543 0.0221469 -0.0928918 -76.7235 -0.0271682 0.998217 -0.0531438 -1.99186 0.0915493 0.0554246 0.994257 23.6988
0.995682 0.0238495 -0.0897139 -76.8032 -0.0285345 0.998275 -0.0513064 -2.0377 0.0883355 0.0536448 0.994645 24.4504
0.995276 0.0258285 -0.0935884 -76.8327 -0.0304796 0.998353 -0.0486126 -2.09225 0.0921786 0.0512355 0.994423 25.1916
0.99545 0.033317 -0.0892682 -76.9345 -0.0375202 0.998244 -0.045828 -2.12332 0.0875846 0.0489689 0.994953 25.9733
0.995872 0.0295694 -0.0858143 -77.0085 -0.0335159 0.998428 -0.0449174 -2.16353 0.0843513 0.0476081 0.995298 26.7429
0.995874 0.0279487 -0.0863361 -77.0628 -0.0319556 0.998458 -0.0453822 -2.21252 0.0849346 0.0479539 0.995232 27.463
0.996015 0.0227123 -0.0862428 -77.1201 -0.0265747 0.998682 -0.0439038 -2.29475 0.085132 0.0460207 0.995306 28.2419
0.996131 0.0217681 -0.0851426 -77.2209 -0.0257954 0.998586 -0.0464901 -2.33054 0.0840102 0.0485065 0.995284 29.0407
0.99579 0.0218395 -0.0890218 -77.1065 -0.0262987 0.998441 -0.0492306 -2.29885 0.0878078 0.0513645 0.994812 29.5744
0.996035 0.0157935 -0.0875461 -77.2149 -0.0201504 0.99859 -0.0491091 -2.35376 0.0866471 0.0506784 0.994949 30.3837
0.995814 -0.00656802 -0.0911688 -77.2986 0.00251847 0.999008 -0.0444623 -2.39339 0.0913704 0.0440466 0.994842 31.2159
0.995791 0.000556769 -0.0916505 -77.3506 -0.0048197 0.998916 -0.0462982 -2.42846 0.0915254 0.046545 0.994714 31.9149
0.995378 -0.00505871 -0.0959054 -77.3925 0.000530869 0.998886 -0.0471784 -2.47184 0.0960372 0.0469094 0.994272 32.7377
0.993366 -0.0488562 -0.104098 -77.494 0.0445541 0.99807 -0.0432613 -2.45882 0.10601 0.0383363 0.993626 33.6339
0.991845 -0.0606018 -0.112121 -77.3941 0.0560682 0.997494 -0.0431577 -2.47038 0.114456 0.0365193 0.992757 34.1884
0.986691 -0.104608 -0.124491 -77.2403 0.100623 0.994203 -0.0378976 -2.57425 0.127734 0.0248666 0.991497 34.6963
0.987224 -0.10428 -0.120475 -77.4253 0.100316 0.994209 -0.0385298 -2.67649 0.123795 0.0259521 0.991968 35.3749
0.987689 -0.0977627 -0.122119 -77.4424 0.0937708 0.994867 -0.0380323 -2.79184 0.12521 0.0261129 0.991787 36.0432
0.989373 -0.0787274 -0.122239 -77.4939 0.0741508 0.996381 -0.0415551 -2.90153 0.125068 0.0320494 0.99163 36.756
0.990749 -0.0580259 -0.122678 -77.6543 0.0533081 0.99772 -0.0413983 -2.96582 0.1248 0.0344756 0.991583 37.6472
0.990775 -0.0584333 -0.122269 -77.8086 0.0540522 0.997782 -0.0388494 -3.05724 0.124268 0.0318821 0.991736 38.4315
0.990632 -0.055108 -0.124949 -77.8665 0.0506463 0.99797 -0.0386099 -3.09303 0.126823 0.03192 0.991412 39.1612
0.990419 -0.0577555 -0.125437 -78.0427 0.0536788 0.997922 -0.0356432 -3.11073 0.127235 0.0285683 0.991461 39.9948
0.990693 -0.0528188 -0.125447 -78.1759 0.0490291 0.998248 -0.0331095 -3.15872 0.126976 0.0266508 0.991548 40.8779
0.989984 -0.0603346 -0.127635 -78.1906 0.0570039 0.997935 -0.0295921 -3.14886 0.129157 0.02202 0.99138 41.659
0.990436 -0.056677 -0.125793 -78.3725 0.0534641 0.998155 -0.0287753 -3.25438 0.127191 0.0217747 0.991639 42.6668
0.990891 -0.0608201 -0.12015 -78.6585 0.0571634 0.997797 -0.0336534 -3.19216 0.121933 0.0264786 0.992185 43.6249
0.991028 -0.0631645 -0.117788 -78.804 0.0589793 0.997509 -0.0386885 -3.20768 0.119939 0.0313943 0.992285 44.5697
0.989808 -0.079002 -0.118483 -78.8895 0.0748166 0.99642 -0.0393735 -3.17789 0.121169 0.0301078 0.992175 45.4154
0.989888 -0.0799104 -0.117205 -78.9966 0.0754859 0.996274 -0.0417221 -3.20796 0.120102 0.0324528 0.992231 46.3618
0.989461 -0.0890225 -0.114205 -79.0831 0.085178 0.995636 -0.0381222 -3.23084 0.1171 0.0279927 0.992725 47.036
0.989264 -0.0953802 -0.110721 -79.394 0.0916042 0.995043 -0.0387147 -3.25463 0.113865 0.0281565 0.993097 48.268
0.987058 -0.0979204 -0.126995 -78.9884 0.0938602 0.994876 -0.0375852 -3.25959 0.130024 0.025179 0.991191 48.8117
0.987406 -0.112301 -0.111434 -79.3396 0.108819 0.993378 -0.0368678 -3.27735 0.114836 0.0242774 0.993088 49.5424
0.987675 -0.103976 -0.116992 -79.3429 0.0994231 0.994067 -0.0441146 -3.31986 0.120884 0.0319392 0.992153 50.5131
0.985993 -0.119759 -0.116085 -79.6461 0.114802 0.992203 -0.0485092 -3.35217 0.120989 0.0345029 0.992054 51.7685
0.987784 -0.108568 -0.111782 -79.6827 0.102958 0.993174 -0.0548123 -3.40034 0.11697 0.0426339 0.99222 52.4057
0.989372 -0.10034 -0.10524 -79.9972 0.0954971 0.994168 -0.0501016 -3.61712 0.109653 0.039519 0.993184 53.4826
0.985792 -0.125672 -0.11145 -80.0645 0.121304 0.991587 -0.045177 -3.5482 0.11619 0.0310158 0.992743 54.419
0.983458 -0.134769 -0.121031 -79.8488 0.1313 0.99068 -0.0362344 -3.51503 0.124787 0.0197436 0.991987 54.9126
0.982206 -0.141866 -0.123069 -80.0705 0.139223 0.989811 -0.0298585 -3.52983 0.126051 0.0121931 0.991949 55.9254
0.981938 -0.14364 -0.123148 -80.2776 0.140789 0.989535 -0.0315995 -3.59572 0.126398 0.0136909 0.991885 56.9033
0.98113 -0.147054 -0.125537 -80.2943 0.143727 0.988991 -0.0352112 -3.61991 0.129333 0.0165037 0.991464 57.64
0.982134 -0.133352 -0.13278 -80.2826 0.127901 0.990585 -0.0488085 -3.63218 0.138039 0.0309537 0.989943 58.4328
0.981544 -0.132575 -0.137819 -80.3089 0.126625 0.990633 -0.0511173 -3.68384 0.143305 0.0327225 0.989137 59.1813
0.981243 -0.131178 -0.141262 -80.4338 0.124538 0.990695 -0.0548995 -3.73598 0.14715 0.0362772 0.988449 59.964
0.981644 -0.125252 -0.143832 -80.5829 0.117844 0.991281 -0.0589548 -3.80379 0.149962 0.0409228 0.987844 60.7998
0.980102 -0.133189 -0.147176 -80.6924 0.125127 0.990152 -0.0627846 -3.82228 0.154089 0.0431196 0.987116 61.5947
0.978129 -0.141101 -0.152822 -80.8069 0.133331 0.989253 -0.0600066 -3.89231 0.159647 0.0383182 0.98643 62.3929
0.977108 -0.143096 -0.157429 -80.8785 0.135753 0.98913 -0.0565021 -3.97656 0.163803 0.0338371 0.985913 62.9707
0.971974 -0.162677 -0.169712 -80.9078 0.15619 0.98641 -0.0509897 -4.07139 0.1757 0.0230535 0.984174 63.984
0.971425 -0.161121 -0.174279 -81.0514 0.15562 0.986797 -0.0448752 -4.14427 0.179208 0.0164716 0.983673 64.7801
0.970778 -0.158308 -0.180356 -81.0946 0.153367 0.987314 -0.041114 -4.22935 0.184577 0.0122519 0.982742 65.3259
0.969722 -0.159121 -0.185254 -81.3023 0.153507 0.987151 -0.044359 -4.20327 0.189932 0.0145782 0.981689 66.2085
0.96884 -0.158391 -0.190427 -81.5185 0.153296 0.987317 -0.0412877 -4.29205 0.194551 0.0108094 0.980833 67.0368
0.969095 -0.150258 -0.195646 -81.6281 0.145257 0.988595 -0.0397506 -4.46055 0.199388 0.0101032 0.979869 67.713
0.96895 -0.142959 -0.201738 -81.7881 0.137485 0.989656 -0.0409646 -4.52569 0.205507 0.0119567 0.978583 68.4776
0.964692 -0.159182 -0.209836 -81.9493 0.15246 0.987146 -0.0479365 -4.45595 0.214769 0.0142524 0.976561 69.2708
0.962488 -0.165321 -0.215142 -82.1373 0.157524 0.986091 -0.0530221 -4.46448 0.220915 0.0171432 0.975142 70.0201
0.961286 -0.164658 -0.220947 -82.2981 0.156091 0.986164 -0.0558162 -4.51345 0.22708 0.0191677 0.973687 70.7749
0.960355 -0.162581 -0.226461 -82.4708 0.154815 0.986586 -0.0517679 -4.55919 0.23184 0.014656 0.972643 71.5211
0.958728 -0.16168 -0.233883 -82.6617 0.154505 0.986786 -0.048805 -4.62201 0.238683 0.0106545 0.971039 72.3005
0.955486 -0.161971 -0.246602 -82.78 0.154512 0.986753 -0.0494346 -4.66278 0.251342 0.00913107 0.967855 73.0333
0.954398 -0.163432 -0.249829 -83.0107 0.154932 0.986478 -0.0534545 -4.72337 0.255187 0.0123101 0.966813 73.7724
0.951528 -0.166842 -0.258377 -83.1845 0.155656 0.98578 -0.0633131 -4.76774 0.265266 0.0200262 0.963967 74.4258
0.947603 -0.176183 -0.266473 -83.4316 0.164084 0.984155 -0.0671935 -4.7962 0.274089 0.0199489 0.961497 75.1976
0.944003 -0.178746 -0.277324 -83.6125 0.167245 0.983784 -0.0647911 -4.89022 0.284408 0.0147819 0.958589 75.8775
0.940038 -0.179548 -0.289985 -83.8235 0.169296 0.98372 -0.0602822 -4.95476 0.296088 0.00757421 0.955131 76.6014
0.936117 -0.180154 -0.302042 -84.101 0.171968 0.983637 -0.0537133 -4.99368 0.306776 -0.00165956 0.95178 77.3666
0.931971 -0.181337 -0.313921 -84.3136 0.173778 0.983403 -0.0521515 -5.06057 0.318168 -0.00594899 0.948016 78.0485
0.92799 -0.184006 -0.324 -84.5797 0.17413 0.982924 -0.059486 -5.09645 0.329413 -0.00121568 0.944185 78.7379
0.924834 -0.178179 -0.336057 -84.7848 0.162851 0.983909 -0.0735052 -5.11864 0.343746 0.0132531 0.938969 79.5537
0.919681 -0.179503 -0.349236 -84.9991 0.159916 0.983517 -0.0843922 -5.08337 0.358628 0.0217655 0.933227 80.3479
0.915274 -0.179527 -0.360615 -85.2928 0.161199 0.98363 -0.080546 -5.18938 0.369172 0.0155907 0.92923 81.0513
0.910415 -0.181562 -0.371725 -85.7232 0.165298 0.983353 -0.0754564 -5.247 0.379237 0.00725114 0.925271 81.8337
0.903842 -0.186952 -0.384862 -85.9397 0.172523 0.982368 -0.0720317 -5.28081 0.391543 -0.00129225 0.920159 82.4727
0.889889 -0.214712 -0.402487 -86.1094 0.199364 0.976637 -0.0802115 -5.15141 0.410306 -0.00886204 0.911905 83.1177
0.885906 -0.200457 -0.418314 -86.1606 0.184228 0.979679 -0.0793048 -5.40402 0.425711 -0.00680863 0.904834 83.6793
0.883946 -0.211692 -0.416923 -86.6361 0.191872 0.977336 -0.089441 -5.41767 0.426408 -0.000934784 0.90453 84.2943
0.880685 -0.216195 -0.421489 -87.0364 0.193529 0.976344 -0.0964263 -5.51817 0.432365 0.00335093 0.901692 85.0149
0.873621 -0.235411 -0.425874 -87.5459 0.21305 0.971891 -0.100193 -5.51598 0.437489 -0.00320185 0.899218 85.7789
0.871878 -0.228844 -0.432965 -88.0048 0.205083 0.973463 -0.10154 -5.67587 0.444712 -0.000262922 0.895673 86.6117
0.866984 -0.231614 -0.441242 -88.2152 0.209662 0.972783 -0.0986673 -5.79769 0.452085 -0.00696886 0.891947 87.1063
0.866231 -0.219908 -0.448648 -88.6069 0.198724 0.975493 -0.0944581 -5.88931 0.458425 -0.00733451 0.888703 87.7749
0.863188 -0.209223 -0.459492 -88.8896 0.191215 0.977773 -0.0860031 -6.02054 0.467272 -0.0136249 0.884008 88.4609
0.865692 -0.197977 -0.459763 -89.4383 0.182411 0.980078 -0.0785651 -6.14915 0.466158 -0.0158527 0.88456 89.1313
0.865456 -0.190969 -0.46316 -89.8886 0.171011 0.981581 -0.085175 -6.22216 0.470895 -0.00549018 0.882172 89.8337
0.854491 -0.208819 -0.475647 -89.9929 0.182546 0.977954 -0.101401 -6.14353 0.486335 -0.00018157 0.873772 90.4812
0.850839 -0.218845 -0.477682 -90.4515 0.188535 0.975749 -0.111214 -6.22739 0.490436 0.00456597 0.871465 91.1873
0.84117 -0.212586 -0.497233 -90.3833 0.180818 0.977133 -0.111873 -6.30272 0.509645 0.0041952 0.860375 91.8083
0.841507 -0.204285 -0.500134 -90.8128 0.172458 0.978893 -0.109666 -6.37196 0.511981 0.00603278 0.858976 92.4276
0.83576 -0.201781 -0.510676 -91.1489 0.170338 0.979425 -0.108224 -6.44681 0.522006 0.0034618 0.852935 93.1279
0.831006 -0.211194 -0.514613 -91.5919 0.175664 0.977417 -0.117462 -6.47918 0.527799 0.00721275 0.849339 93.8131
0.82734 -0.215972 -0.518521 -91.9797 0.17651 0.976327 -0.125019 -6.55644 0.533247 0.011909 0.845876 94.4616
0.823589 -0.220825 -0.522433 -92.348 0.178315 0.975201 -0.131098 -6.66963 0.538427 0.0148134 0.842542 95.0959
0.820566 -0.218972 -0.527941 -92.6158 0.175531 0.975608 -0.131826 -6.7881 0.54393 0.0155018 0.838987 95.6835
0.818846 -0.215962 -0.531839 -93.0255 0.174865 0.976338 -0.127227 -6.91432 0.54673 0.0111788 0.837234 96.3044
0.826775 -0.215198 -0.519744 -93.6791 0.173908 0.976453 -0.127656 -7.01708 0.534976 0.0151557 0.844731 96.8578
0.82293 -0.210555 -0.527687 -94.0591 0.170265 0.977501 -0.124508 -7.16612 0.54203 0.0126147 0.840265 97.5287
0.821529 -0.210404 -0.529924 -94.5254 0.170194 0.977542 -0.124281 -7.30759 0.544172 0.0119107 0.838889 98.1755
0.817926 -0.207789 -0.53649 -94.8269 0.166776 0.978095 -0.124564 -7.43514 0.550621 0.0124102 0.834663 98.8169
0.814128 -0.205534 -0.543094 -95.1932 0.164233 0.978578 -0.124148 -7.54417 0.556976 0.0118785 0.830443 99.4644
0.814631 -0.197704 -0.545242 -95.6138 0.158707 0.980212 -0.118304 -7.72208 0.557842 0.00984041 0.829889 100.034
0.809243 -0.202105 -0.551615 -95.9917 0.162282 0.97933 -0.12074 -7.81044 0.564615 0.00819118 0.825314 100.69
0.807583 -0.200727 -0.554544 -96.4542 0.160838 0.979615 -0.12036 -7.99458 0.567399 0.00800922 0.823404 101.326
0.807004 -0.20035 -0.555522 -96.9156 0.160438 0.979692 -0.12026 -8.1707 0.568335 0.00792312 0.822759 101.927
0.806158 -0.203376 -0.555651 -97.4829 0.161436 0.979046 -0.124128 -8.26062 0.569252 0.0103649 0.822098 102.563
0.804993 -0.205233 -0.556656 -97.943 0.164038 0.978679 -0.123609 -8.31278 0.570156 0.00819147 0.821495 103.16
0.800343 -0.205052 -0.563386 -98.2393 0.167455 0.978751 -0.118344 -8.31595 0.575682 0.000373873 0.817674 103.723
0.800285 -0.204694 -0.563599 -98.7438 0.17306 0.978778 -0.109747 -8.38886 0.574103 -0.00970752 0.818726 104.234
0.795651 -0.20431 -0.570261 -99.0397 0.175321 0.978782 -0.106057 -8.47611 0.57983 -0.015594 0.814588 104.825
0.792399 -0.21062 -0.572489 -99.4216 0.184161 0.977309 -0.104651 -8.63077 0.581541 -0.0225046 0.813206 105.348
0.790178 -0.209253 -0.576049 -99.7832 0.178623 0.977733 -0.110147 -8.71046 0.586271 -0.0158593 0.80996 105.983
0.78938 -0.213958 -0.575414 -100.179 0.180088 0.97677 -0.116143 -8.70445 0.586897 -0.0119436 0.809574 106.404
0.788116 -0.213504 -0.577312 -100.542 0.178102 0.976894 -0.118143 -8.77936 0.589196 -0.0097105 0.807932 106.902
0.788817 -0.214071 -0.576144 -100.942 0.179322 0.976759 -0.117409 -8.88276 0.587888 -0.0107014 0.808872 107.317
0.788465 -0.214218 -0.57657 -101.336 0.179747 0.97672 -0.117083 -8.97245 0.588229 -0.0113208 0.808615 107.767
0.788852 -0.211398 -0.577082 -101.709 0.176531 0.977351 -0.116714 -9.02616 0.588685 -0.00980255 0.808303 108.193
0.789084 -0.211848 -0.576599 -101.903 0.18552 0.977006 -0.105075 -9.24448 0.585601 -0.0240578 0.810242 108.362
0.784591 -0.214498 -0.581729 -102.139 0.184782 0.976509 -0.110843 -9.18165 0.591839 -0.0205265 0.805795 108.868
0.776087 -0.218688 -0.591493 -102.394 0.185334 0.975621 -0.117536 -9.16313 0.602777 -0.0184057 0.797698 109.577
0.775948 -0.217796 -0.592004 -102.714 0.182171 0.975886 -0.120249 -9.27026 0.603919 -0.0145393 0.796913 109.958
0.774614 -0.223571 -0.591599 -102.993 0.187205 0.974567 -0.123181 -9.36108 0.604093 -0.0153321 0.796767 110.253
0.769802 -0.233536 -0.594026 -103.267 0.192601 0.97227 -0.132648 -9.29341 0.608531 -0.0122974 0.793434 110.607
0.76482 -0.241659 -0.597203 -103.523 0.206136 0.970044 -0.128538 -9.47727 0.610376 -0.0247971 0.791724 110.902
0.761939 -0.23933 -0.601806 -103.816 0.206197 0.970507 -0.124895 -9.62245 0.613948 -0.0289284 0.788816 111.265
0.761205 -0.232019 -0.605586 -104.111 0.194851 0.972488 -0.127669 -9.59978 0.618547 -0.0208171 0.785472 111.617
0.754767 -0.232283 -0.613492 -104.247 0.19154 0.972492 -0.132561 -9.49158 0.627407 -0.0174558 0.778496 111.81
0.751637 -0.225866 -0.619698 -104.481 0.18815 0.973925 -0.126765 -9.55717 0.632172 -0.0213154 0.774535 112.055
0.736269 -0.231913 -0.635708 -104.504 0.197285 0.972193 -0.126173 -9.60791 0.647292 -0.0325182 0.761548 112.377
0.734365 -0.237848 -0.635717 -104.872 0.195235 0.971032 -0.137771 -9.48207 0.65007 -0.02294 0.759528 112.655
0.726121 -0.244105 -0.642776 -105.094 0.196242 0.969548 -0.146515 -9.40975 0.658967 -0.0197523 0.751913 112.897
0.721306 -0.235872 -0.651216 -105.373 0.187393 0.971619 -0.14436 -9.48956 0.666784 -0.0179052 0.745036 113.15
0.705792 -0.234236 -0.668574 -105.462 0.182027 0.972032 -0.148393 -9.51243 0.684634 -0.0169645 0.728689 113.387
0.694641 -0.233926 -0.680259 -105.699 0.177385 0.97215 -0.153165 -9.56292 0.697143 -0.0142725 0.71679 113.553
0.677446 -0.239011 -0.695658 -105.873 0.173497 0.970974 -0.164648 -9.54944 0.714819 -0.00915483 0.69925 113.76
0.662006 -0.246839 -0.707686 -106.105 0.168312 0.969056 -0.180557 -9.49075 0.730356 0.000417829 0.683067 113.975
0.640559 -0.251869 -0.725429 -106.211 0.161618 0.967739 -0.19329 -9.48771 0.750709 0.00657155 0.6606 114.193
0.623015 -0.258322 -0.738324 -106.37 0.15347 0.965917 -0.20845 -9.4111 0.767007 0.0165575 0.641426 114.342
0.60513 -0.255649 -0.753964 -106.509 0.141641 0.966503 -0.214034 -9.45083 0.783426 0.0227265 0.62107 114.498
0.581342 -0.257506 -0.771836 -106.647 0.131846 0.965875 -0.222938 -9.42802 0.802906 0.0278395 0.595456 114.714
0.562919 -0.254973 -0.786201 -106.792 0.133019 0.966775 -0.218294 -9.57198 0.815738 0.0183023 0.578132 114.711
0.536618 -0.259119 -0.803055 -106.925 0.135676 0.965797 -0.220969 -9.65859 0.832846 0.00962041 0.553421 114.859
0.516973 -0.253148 -0.817713 -107.115 0.129163 0.967402 -0.21783 -9.75589 0.846201 0.00699388 0.532818 114.901
0.488854 -0.263469 -0.831628 -107.345 0.113686 0.964413 -0.238709 -9.55893 0.864926 0.0221499 0.50141 115.085
0.460828 -0.258833 -0.848907 -107.503 0.102979 0.96566 -0.23853 -9.6101 0.881495 0.0225019 0.471657 115.2
0.435115 -0.249802 -0.865028 -107.654 0.0929383 0.968071 -0.23281 -9.73169 0.895565 0.0209048 0.444438 115.27
0.41631 -0.247842 -0.874792 -107.841 0.0801187 0.968388 -0.236231 -9.76353 0.905686 0.028258 0.423007 115.236
0.391932 -0.244773 -0.886834 -107.971 0.0659409 0.968952 -0.238295 -9.76765 0.917628 0.034917 0.395904 115.265
0.357024 -0.242056 -0.902188 -108.198 0.0617335 0.969844 -0.235778 -9.83277 0.932053 0.028483 0.3612 115.391
0.325064 -0.248819 -0.912372 -108.568 0.0480647 0.967866 -0.246829 -9.8376 0.94447 0.0363823 0.326578 115.505
0.284435 -0.259214 -0.922987 -108.889 0.0352748 0.964931 -0.260123 -9.84106 0.958046 0.04143 0.283604 115.687
0.243791 -0.259122 -0.93457 -108.984 0.0288037 0.965155 -0.260089 -9.9308 0.9694 0.0364881 0.242759 115.771
0.206161 -0.257517 -0.944025 -109.197 0.0239168 0.965787 -0.25823 -10.0388 0.978226 0.0306591 0.205267 115.76
0.173603 -0.267062 -0.947914 -109.555 0.00153023 0.962601 -0.270919 -10.0187 0.984815 0.0455818 0.167519 115.739
0.13233 -0.263225 -0.955616 -109.92 -0.00572806 0.963875 -0.266294 -10.2094 0.991189 0.0407124 0.126042 115.685
0.0670937 -0.264236 -0.962121 -110.259 -0.0138595 0.963954 -0.265706 -10.3274 0.99765 0.0311617 0.0610131 115.868
0.0289832 -0.256813 -0.966026 -110.394 -0.0160499 0.966188 -0.257338 -10.4487 0.999451 0.0229631 0.0238814 115.696
-0.0239758 -0.256947 -0.966128 -110.739 -0.0334773 0.96607 -0.256101 -10.562 0.999152 0.0262031 -0.0317642 115.714
-0.0704468 -0.256447 -0.963988 -111 -0.0478468 0.966145 -0.253524 -10.6202 0.996367 0.0282638 -0.080332 115.594
-0.113553 -0.252546 -0.960899 -111.353 -0.055247 0.967263 -0.24769 -10.7288 0.991995 0.0249608 -0.123788 115.396
-0.174356 -0.22472 -0.958698 -111.555 -0.0429397 0.97442 -0.220596 -11.0149 0.983746 0.00270397 -0.179546 115.324
-0.215065 -0.257268 -0.942104 -112.016 -0.0887171 0.965836 -0.243497 -10.7738 0.972562 0.0312133 -0.230541 115.251
-0.273881 -0.246116 -0.92974 -112.503 -0.0932934 0.968943 -0.229012 -11.0151 0.957228 0.0240167 -0.288336 115.167
-0.325753 -0.241145 -0.914185 -112.818 -0.1013 0.970262 -0.219841 -11.1173 0.940012 0.0209933 -0.340494 115.018
-0.373929 -0.242179 -0.89528 -113.356 -0.111275 0.970048 -0.215929 -11.2012 0.920758 0.0188797 -0.389678 114.737
-0.418647 -0.242894 -0.875064 -113.753 -0.121957 0.969878 -0.210865 -11.2725 0.899923 0.0184426 -0.435659 114.529
-0.4632 -0.238162 -0.853654 -114.17 -0.126482 0.971121 -0.202304 -11.3879 0.877182 0.0142643 -0.479946 114.26
-0.498878 -0.251617 -0.829343 -114.424 -0.143387 0.967703 -0.207342 -11.2759 0.854729 0.0154781 -0.518844 113.968
-0.536854 -0.251378 -0.805355 -114.652 -0.152594 0.967768 -0.200352 -11.3418 0.829761 0.0153322 -0.557909 113.87
-0.573748 -0.252734 -0.779063 -115.216 -0.164053 0.967385 -0.193009 -11.511 0.802434 0.0170693 -0.596497 113.573
-0.601939 -0.253231 -0.757327 -115.573 -0.171847 0.967244 -0.186834 -11.6056 0.779832 0.0176814 -0.625739 113.098
-0.627866 -0.249494 -0.737249 -115.911 -0.17375 0.968256 -0.179698 -11.6814 0.75868 0.0152709 -0.651285 112.741
-0.642659 -0.263216 -0.719518 -116.481 -0.193842 0.964438 -0.179678 -11.685 0.741225 0.0240011 -0.670828 112.207
-0.659259 -0.264008 -0.704044 -117.029 -0.199327 0.964196 -0.174914 -11.8739 0.725015 0.0250211 -0.688279 111.76
-0.668086 -0.269299 -0.693642 -117.322 -0.207189 0.962668 -0.17419 -11.8399 0.714657 0.0273419 -0.698941 111.37
-0.677013 -0.267688 -0.685563 -117.746 -0.206904 0.963167 -0.171758 -11.9336 0.706289 0.0255639 -0.707462 110.85
-0.675706 -0.283187 -0.680608 -117.816 -0.22888 0.958234 -0.17147 -12.0818 0.70074 0.0399145 -0.7123 110.594
-0.677217 -0.292979 -0.674937 -118.1 -0.239343 0.955134 -0.174455 -11.9454 0.695767 0.0433975 -0.716955 110.211
-0.682541 -0.293508 -0.669321 -118.631 -0.241388 0.954955 -0.172607 -12.0685 0.689833 0.0437552 -0.722645 109.637
