1.0 0.0 0.0 0.0 0.0 1.0 0.0 0.0 0.0 0.0 1.0 0.0
0.9999702105845393 -0.003331855069026047 -0.006962520040278471 -0.043148133110931595 0.00333328800498959 0.9999944257206554 0.0001942130069896386 0.03618288188439944 0.006961834139654925 -0.00021741530603242796 0.9999757425037852 0.18010796888503397
0.9999079775543307 -0.0019576718037973505 -0.013424006269242332 -0.06769695772456064 0.001953477471587176 0.9999980389678214 -0.0003255553401573761 0.04011622721750027 0.013424617274843986 0.0002993018879334002 0.9999098409703765 0.27272906412028897
0.999793038321756 -0.002180129567232969 -0.020226901849326916 -0.0896449785959951 0.002185875450414486 0.9999975766580559 0.00026196666047478004 0.022732478551673197 0.020226281711365042 -0.0003061259316054644 0.9997953809730502 0.37583500952118476
0.999595196803323 -0.001458267649852813 -0.028413306445886705 -0.11716104785746666 0.0014185701394295639 0.9999979895254961 -0.0014172521743338893 0.019482285823715875 0.028415316054655894 0.0013763721980366219 0.9995952557976089 0.47383756130329724
0.9991964923607447 -0.001056855530950315 -0.040065605079311103 -0.13495705232731225 0.0008577329755858246 0.9999871980948567 -0.0049867765681567275 0.04096352730383583 0.04007036246563306 0.004948404064425612 0.9991846072418692 0.6024433860200514
0.9984997815128663 -0.005557641851950546 -0.05447291928842941 -0.14084630984464505 0.005239419622445805 0.9999683761156191 -0.005982913229510254 0.04935978117977568 0.054504447532088725 0.005688531070264699 0.998497323888995 0.7628088327206954
0.9974706344235466 -0.005338078369536807 -0.07087904049864203 -0.1454271573132528 0.004917904717467877 0.9999692941664866 -0.0061012242516474855 0.04925112841889376 0.07090943291183029 0.00573721565741321 0.9974662584171071 0.8665494328481991
0.9959105096816268 -0.006537492348382688 -0.09010836753308225 -0.18928952071120922 0.006105220281355737 0.999968499844343 -0.005072041440154485 0.03180837212196974 0.09013868753758478 0.004501167942807815 0.9959190511764258 1.0633962124367855
0.9937978876752707 -0.007928830858982909 -0.11091840286165258 -0.22369451932946188 0.007192562679423134 0.9999493761666898 -0.007036486761911915 0.05302014485589812 0.11096857886029186 0.0061950581157591824 0.9938046064295887 1.2257375617934658
0.9913779924754937 -0.010012278528382174 -0.1306500299040537 -0.33018047572176706 0.009424423752327053 0.9999424966094633 -0.005117002185842417 -0.012603618914244337 0.13069374993547545 0.003841582109423223 0.9914153448352007 1.3862540447487663
0.9881223489307774 -0.0044142610587338685 -0.1536057871397724 -0.4088746612913823 0.003587231270403845 0.9999775430511813 -0.005660844913600923 -0.04812133376229118 0.15362732606973387 0.005042587890017433 0.9881159936930659 1.5719234895640493
0.9839320847157665 0.0038880295868459107 -0.17850080081842207 -0.49917495206152335 -0.0055578430253248635 0.9999453433025755 -0.008855551275926982 -0.03764485780462845 0.17845661390879297 0.009705340459073723 0.9838999152956468 1.766073175471228
0.9786433881680784 0.011360629066548271 -0.20525119951443987 -0.5354326238061172 -0.013376682418145203 0.9998749292091037 -0.008437434833769606 -0.08495986274352788 0.2051296740171646 0.011002819925015573 0.9786729559926077 1.8878277835997297
0.9720466815913029 0.0171073975205886 -0.2341635875993739 -0.6449718668904488 -0.019376990396085366 0.9997849005514037 -0.007394922082800652 -0.14043289389453711 0.2339867112690956 0.011725595059238566 0.97216908476354 2.1252120580666305
0.9642251994100749 0.020328990524569393 -0.26430379673181864 -0.702731610969955 -0.022938355666245382 0.9997138243362877 -0.006789791620104586 -0.15476221755886427 0.264090129807858 0.012609582672221654 0.9644155752386524 2.2576451859030353
0.9551962749322187 0.025998206905556192 -0.29482905147442756 -0.7838924010009964 -0.028476809242051548 0.9995859794758366 -0.004115941049868881 -0.18287131934887504 0.29459997910897157 0.012327322216527546 0.9555411500484757 2.3789249627111744
0.9440887890717001 0.034315888932952635 -0.32790056132290113 -0.8889888459047425 -0.03693068219454389 0.9993162995710717 -0.0017487493322838955 -0.21263637366882895 0.3276163656806203 0.013760566061134356 0.9447106243500702 2.5685389767342346
0.931421272708913 0.0400694265932426 -0.36173036062487113 -0.941628746237643 -0.042769967565369216 0.9990847994995564 0.0005415564515465365 -0.2557951464796293 0.3614210046742824 0.014966778591991834 0.9322826035697602 2.7032646886961214
0.917760003380665 0.043273153998450165 -0.3947708326836596 -1.0491819326367995 -0.04601278631730517 0.9989376488123549 0.0025292845953056916 -0.2712268585897236 0.3944608975425085 0.01584322972983944 0.9187761383393052 2.8423885844307097
0.9021487124102583 0.0392746776227649 -0.4296337980119142 -1.1570958766157045 -0.042684321251216094 0.9990871593823634 0.0017019625743583421 -0.2585407488697048 0.4293084548618128 0.016803203709692786 0.9030016073791083 3.0252889127948364
0.883620418643204 0.03533135474897004 -0.46686898711352853 -1.228564106873404 -0.038134304658822574 0.999266678373415 0.0034467812160509552 -0.293704249085236 0.4666484014383821 0.014758077929244743 0.884319777326526 3.1192557765696196
0.861993940120702 0.036434403343025834 -0.5056075369772745 -1.3297225794801646 -0.03815253399783466 0.9992476784871781 0.006961407007980687 -0.3377841817062735 0.5054807922609245 0.013289518088493683 0.8627355083478616 3.2340560979020805
0.8371545464470491 0.037270123391668845 -0.5456951559849197 -1.4969159949311175 -0.03682562658049617 0.999252591413099 0.011752947764785622 -0.3369895533037272 0.5457253325529149 0.010256532385641205 0.8379013455971006 3.387761095485258
0.8087083071368814 0.04315654592575416 -0.5866245703271881 -1.5955303606703193 -0.04065612603855369 0.9990208464632822 0.01744785795809268 -0.3329683381432795 0.5868031640877004 0.009739654796080601 0.8096710355083202 3.3764640603576472
0.7750692238451836 0.04616875316072627 -0.6301873883850808 -1.785915515983111 -0.04151654036579612 0.9988929388432953 0.022119529946663948 -0.34519768474396323 0.6305109635240925 0.009019033240323715 0.776127941717942 3.568339997498787
0.7377676315886216 0.04770242233914005 -0.6733672108761269 -1.979818197180495 -0.042189777367977056 0.9988083815538471 0.024532419844496757 -0.3567066958452529 0.6737350699390348 0.010309987427947379 0.7389010486482466 3.755699150796494
0.6971896315369557 0.045272903320071396 -0.7154557861268128 -2.2039400539797374 -0.034589767788465 0.9989659281563409 0.02950631029257887 -0.374445376715233 0.716051789776203 0.004175955904142029 0.6980346665822426 3.9405416585691877
0.6539782297026197 0.041504728852316805 -0.7553739686790404 -2.442134636123358 -0.028809869591575624 0.9991359471380217 0.029955809966121544 -0.36030747498748866 0.7559645934097335 0.002171777959561756 0.6546089037672419 4.098695541039986
0.6081506680249511 0.040953144520264884 -0.7927645330958673 -2.680307303171226 -0.025709287838040867 0.9991605819064456 0.031893009943166566 -0.34555181137378366 0.7934051912482459 0.0009856562668884995 0.6086930515309479 4.27716666287768
0.5584081194282539 0.04202652585741995 -0.828501142594841 -2.961055491377429 -0.01811664190016917 0.9990955329514334 0.03846951160014734 -0.36284557048615806 0.8293685305356487 -0.006472029113690082 0.5586644372038458 4.443612226089965
0.5068324964981034 0.04232374641574133 -0.8610049482917256 -3.264707475434962 -0.011806344398627204 0.9990411441271144 0.042159252520992944 -0.3616102424308668 0.8619637061532466 -0.011202358257254706 0.5068462059086913 4.573717423692692
0.4533103302587747 0.04339527370832156 -0.8902957905665181 -3.660857830337382 -0.009441654690542221 0.9989919286065094 0.04388600842812268 -0.3416215134473788 0.8913027541960054 -0.011488115547319567 0.45326308427202283 4.726113139112364
0.39856939655047396 0.04739016935712329 -0.9159129914908378 -3.7956400306887783 -0.006161127307351456 0.9987799376985783 0.0489966994921915 -0.3771650239838279 0.9171174824654111 -0.013885528406535678 0.39837509392176856 4.783187906755166
0.3419617965557238 0.04689378897122998 -0.9385430742658032 -4.203056264632694 -0.009103068009127236 0.9988725531528042 0.04659138022017613 -0.31825066456112344 0.9396697631876866 -0.007388850649565513 0.34200313015654654 4.891259499369679
0.2858068272143612 0.051583760755380674 -0.9568978906570929 -4.428768943957538 -0.005006571298481567 0.9986169113463386 0.052337353935156615 -0.3576662341331611 0.9582741735857716 -0.01016759555806109 0.2856697888105679 4.955229505425691
0.23154432405934577 0.05344445461173639 -0.9713551957276785 -4.856540340367675 -0.0037418844772423954 0.9985313416950143 0.05404773772615141 -0.33299191841617415 0.9728171587181529 -0.008879747969956671 0.23140424753995048 5.015181054193497
0.1815911567497952 0.05321429011357485 -0.9819332416809108 -5.261171577705685 -0.0003139924423409304 0.9985378517182373 0.054056082864697666 -0.30467713221484555 0.9833740657547453 -0.009507786999992291 0.18134235243689076 5.027509385928572
0.13427420039994548 0.05339459311312752 -0.9895046521028799 -5.558095998772484 -0.003879921805510729 0.9985679545623671 0.053357158169405734 -0.29150710603182 0.9909366202304462 -0.003325289072462191 0.13428908048998736 5.012622940663908
0.09272763814232976 0.05313975770783078 -0.9942724733569269 -6.064865052029957 -0.004585433853753372 0.9985870235456191 0.05294270679400055 -0.2623732157788381 0.9956809523742628 -0.0003500814986837817 0.09284028501693843 4.988168276393587
0.053819572721972145 0.05159617070846981 -0.9972167711988449 -6.5892410974211995 -0.006903076537440012 0.9986595195212481 0.051298261217213335 -0.2408579531972843 0.9985268154267785 0.004123013195913738 0.054103600950803424 5.028985069610508
0.018367086632663718 0.047405440694754254 -0.9987068510434716 -7.083284602944707 -0.012291301753813039 0.9988105747267771 0.04718431641089413 -0.19495017305674112 0.9997557571876375 0.011408768842553568 0.018927914931979595 5.022472815247672
-0.013959627553382073 0.046125424326696224 -0.9988381120227922 -7.592751559940832 -0.004871976976948601 0.9989204531668612 0.046197316862025016 -0.1856336408901916 0.9998906903451542 0.005511213622833095 -0.01371983547629265 5.014927764670084
-0.04100783953956607 0.042913329828429096 -0.9982368472558686 -7.935462774809491 -0.01745528178171896 0.998894006176008 0.0436586482104917 -0.21237741028084223 0.9990063414384417 0.019214852294075803 -0.0402134208579522 4.988274635847606
-0.06217600932796781 0.04178120288011093 -0.9971902902405049 -8.454482963619768 -0.013747417508028402 0.9989927586895869 0.042713892325919954 -0.1993856219459464 0.9979705167868995 0.016364570622578144 -0.06153899944287475 4.945677829873891
-0.07765720608843908 0.038019891805895156 -0.9962549102361344 -9.011346616092627 -0.020055329280297192 0.9990108196617565 0.039688360588534546 -0.1409128524195904 0.9967783816425793 0.023062307469434246 -0.07681788765768431 4.899311082322765
-0.09023206688350763 0.03791111145652135 -0.9951989357581044 -9.493034656009486 -0.015737916213837525 0.9990961591763169 0.03948648771895496 -0.07990497792605347 0.9957964109692197 0.01922530486791249 -0.08955386956217612 4.8567151548563725
-0.10042675438824633 0.03972585766433854 -0.9941510565481874 -10.107757207831211 -0.018214762905515255 0.9989617026883195 0.04175810070334237 -0.08314582294549064 0.994777708543643 0.022301856310346542 -0.0995988844805693 4.783377356507822
-0.1066148793933792 0.03852676815507332 -0.9935537004246232 -10.710852572539768 -0.025358618498964522 0.9988186352644862 0.04145207252013613 -0.02525620341608641 0.9939769655076328 0.02961455695964198 -0.10551194271893943 4.719333557828043
-0.11193066004892807 0.03839682958992059 -0.9929739225268985 -11.184097111719783 -0.02445124740852667 0.9988442466805822 0.041380035926381155 0.006300234045560427 0.993415151807733 0.028911145784008094 -0.11086244543702488 4.705490348395787
-0.11171939005066713 0.03916087051650361 -0.9929678766743149 -11.795982757823225 -0.019695628274366814 0.9989396849583329 0.04161235444223674 0.03360126169873748 0.9935445939229841 0.02420603304422301 -0.11082963435235578 4.619388317576133
-0.11069353448192065 0.04123297732657367 -0.9929988836875333 -12.435999228590598 -0.01960158229006374 0.9988540834030143 0.043661173150200364 0.06265595593751816 0.9936612699484811 0.024297358908164934 -0.1097584573254464 4.546740920412514
-0.10654842609089933 0.04181313370633401 -0.9934279514626158 -13.066659304109805 -0.025679922720904347 0.9986664046573116 0.0447878753446594 0.10225076525941593 0.9939758419934578 0.030283230648274664 -0.10533257556379497 4.454897998404841
-0.10503302957539068 0.041700468861116835 -0.9935940486914056 -13.713139573869569 -0.02692870714677364 0.9986348214272249 0.04475866580249518 0.11829348153411308 0.9941040727356575 0.03145734142897599 -0.1037667010201353 4.3829680305886525
-0.10224767506486743 0.039585166340394634 -0.9939710395930222 -14.343365031672942 -0.028659090777040836 0.9986759251699545 0.0427206390608841 0.13170274430069756 0.9943460511610961 0.03285439227470624 -0.1009778166163085 4.2683300369217045
-0.09926272515438893 0.03928770683375321 -0.9942853652179892 -15.047017589055686 -0.03235378401021563 0.9985645056860257 0.04268677364529969 0.14785828809102167 0.9945351396784063 0.036406099430861594 -0.09784912809568308 4.165180272687122
-0.09685627268307263 0.04154053495340081 -0.9944311169697618 -15.703335633002979 -0.03215022654880589 0.998476667148947 0.04484091983884013 0.17974514853349144 0.9947789831790806 0.03631431005702992 -0.09537319073135228 4.096533455131877
-0.09463187651197572 0.04547477364876207 -0.9944731534382497 -16.51112699471001 -0.032850427501487686 0.998269459023572 0.04877434360149069 0.2030674363122295 0.9949701791314123 0.03728447588984747 -0.09297424641709906 3.972086956007167
-0.09279968491093053 0.04848317776163599 -0.9945036952945756 -17.295796473418168 -0.02829660268736192 0.998281930117162 0.051307799386730364 0.24417984575074111 0.9952826336055445 0.03290242355342517 -0.0912683393490053 3.8729923762067733
-0.09159329494723799 0.04815318899484361 -0.9946315592772712 -17.954621705581584 -0.03066724502961376 0.9982199639055326 0.05115098965545966 0.2570834317977293 0.9953241624732141 0.03518769742489803 -0.08995352993035738 3.8417190703433537
-0.08912250195635665 0.04527753453878656 -0.9949910173017288 -18.718687975282993 -0.034307611470618386 0.9982339026501154 0.048498076200021445 0.2905682394791195 0.9954296396231245 0.03845803512935838 -0.08741173887853111 3.7564436540031076
-0.08661053337760082 0.044267578666376005 -0.9952582564274787 -19.64011956959309 -0.041259493788294355 0.9979957845919147 0.04797987191629745 0.29976535298599805 0.99538749724938 0.0452194141468771 -0.0846104893250936 3.627867021870345
-0.08545725121824993 0.04723416657833368 -0.9952215792083049 -20.28804478558831 -0.042368857033412144 0.9977997927881036 0.05099464153910986 0.2834049505081447 0.9954405749053564 0.046524262698835216 -0.08326796990695966 3.606792795721094
-0.08279291036542134 0.049060640107451606 -0.9953584216680298 -21.116954645025913 -0.03870477894641039 0.9978756168219856 0.05240413570371607 0.3312169393594133 0.9958148794228456 0.042863818593203755 -0.08071814526905272 3.4909273892680703
-0.08122296638602393 0.05081817571660635 -0.995399589485696 -21.917967886082078 -0.03548036207902746 0.9979189295562547 0.05384193477246374 0.3672554636727646 0.9960642417224904 0.03969033950644972 -0.07925088839670272 3.426254078988571
-0.08186284638325388 0.045416517751572544 -0.9956082634738191 -22.69327113485053 -0.03485216921174441 0.9982197342046498 0.048401327932576614 0.41629693680168595 0.9960340359060383 0.03866137814049026 -0.08013424459624068 3.3910531441082745
-0.0818409106801699 0.03861459228403044 -0.9958970722930053 -23.49936725560656 -0.03433963849207913 0.998546582131549 0.041539289132552 0.43590353800078147 0.9960536404066187 0.03759835868947641 -0.08039595049866327 3.310867697063035
-0.08169580954899758 0.03360250891391536 -0.996090691702731 -24.352365526476746 -0.03136945346633887 0.9988496189337747 0.03626839043959913 0.4768467876076099 0.9961635167437929 0.034209796119623936 -0.08054773589677407 3.207209681167524
-0.08165430818644659 0.03370991960850665 -0.9960904654069236 -25.186800776949863 -0.028431783697995157 0.9989423116931894 0.036137121977544866 0.5255615178561676 0.9962550916458832 0.031271380351010285 -0.08060951023669027 3.135584978436611
-0.08184541823010232 0.04075813992340813 -0.9958112780766868 -26.08265284755139 -0.028079412665447 0.9986725026740693 0.043183086817377085 0.5546585281292546 0.9962494035627361 0.03149613361505617 -0.08059230402587583 3.0459203371148456
-0.08235772009908027 0.04816507085779641 -0.9954382612142983 -26.966269659859805 -0.030888789673414376 0.9982282229881272 0.05085565359406978 0.5604412170615485 0.9961240327452188 0.03493623876767353 -0.0807240398405259 2.9575280781798736
-0.0826239489176342 0.05381947186961346 -0.9951264982467972 -27.7712915198364 -0.034567414879132896 0.9977850797258181 0.05683333973223699 0.5738274908677087 0.9959811127194307 0.03909474548097031 -0.08058054344534976 2.8805216264428535
-0.08695413905853454 0.0535122127958808 -0.9947740551413062 -28.50165728074708 -0.03101447317705396 0.9979268273957816 0.05639281529896466 0.6299157179082879 0.9957294211552375 0.03575598195381738 -0.08511421503121112 2.902396691634811
-0.08837797612391711 0.05072411415697225 -0.9947946509603037 -29.355483093868045 -0.03048259851277838 0.9980970833948238 0.053600590543932174 0.6591325595966875 0.9956204821738827 0.035061037659201634 -0.08666359739885442 2.8400014937833475
-0.08841197128626323 0.04765361703001994 -0.9949434436776968 -30.196843341499104 -0.030828138267236856 0.9982455618470193 0.05055120318754462 0.7012752930714159 0.9956068246171569 0.03514158557447959 -0.08678778565592157 2.7635810890489263
-0.08813234868751821 0.04888147012909604 -0.9949086847509377 -31.077215717557365 -0.0316515259606806 0.9981534496887063 0.0518446890134281 0.7327072937815192 0.9956057804267647 0.03605957227362779 -0.08642243475082545 2.6608879558419223
-0.08909583853187321 0.05169209569475277 -0.9946807823613504 -31.902603648412914 -0.033642094718445405 0.9979263678430869 0.05487416356048729 0.7522423663070227 0.9954547408191211 0.038352204710974176 -0.08717205615648685 2.611236311668104
-0.08988727874856065 0.04977267417257425 -0.9947074735945691 -32.679122867330136 -0.030523312460873843 0.9981436445643712 0.05270286721017965 0.8351146674201733 0.9954841056067145 0.035099084339462745 -0.08820118912427752 2.563672423784992
-0.08459876767829329 0.04491832502901465 -0.9954021260696114 -33.59786713420914 -0.028861812305838917 0.9984537506631534 0.04750898417254831 0.850376097853076 0.9959970101851421 0.032748310846098756 -0.08317153262379086 2.3458852986053746
-0.08451323706851324 0.04037708842529165 -0.9956039390693964 -34.46064544036686 -0.030375402778655993 0.9986098677122981 0.04307745365808823 0.8952673158077507 0.9959592600434223 0.03388248571056281 -0.08316928216497674 2.2514872099204095
-0.08835387200781827 0.04078391840494447 -0.9952538697743232 -35.25474054347513 -0.02616660994554546 0.9987216005447442 0.043248966800440124 0.9479796610355505 0.9957454001024505 0.02986363348433537 -0.08717374358101891 2.2647288369847396
-0.08673161784196137 0.04351218087053497 -0.9952810239235983 -36.09652687807312 -0.02904290049502497 0.9985106531239619 0.046184256287167616 0.9447936874693298 0.9958082829527768 0.032911483009012935 -0.08533872443852854 2.1610375279095098
-0.08495409175431633 0.04869453841163632 -0.9951942746132926 -36.96936501044847 -0.02835048173133661 0.9982825608544774 0.05126576713004355 0.9577368423282082 0.995981451875388 0.03256947378617555 -0.08342767464990848 2.0423949548396902
-0.08512362911966768 0.053478893268001156 -0.9949341564849041 -37.841087683345286 -0.027744055376609685 0.9980441143826171 0.05601975667102758 1.007710778619112 0.9959840536659021 0.03237211332383581 -0.08347341566146414 1.9980157941329204
-0.08649762782047166 0.056164886358877876 -0.994667615800236 -38.571286600082985 -0.02688394838175397 0.9979144235759979 0.058686084708345194 1.0551166243316055 0.9958892577494971 0.031816799953518625 -0.08480729650141627 1.992911902716893
-0.08655510864719063 0.055794994842684735 -0.9946834329160099 -39.453432575043415 -0.028746215938293566 0.9978748806762637 0.058475444287029145 1.0964919418240533 0.995832249044139 0.03365473318630301 -0.08476727374321087 1.9109089978866018
-0.08437342976082352 0.050133383194847975 -0.9951722304404574 -40.26118940935009 -0.03065848744050664 0.9981300431958982 0.052881698323889434 1.1568976800493584 0.9959624398029591 0.034972285587263244 -0.08267864139272578 1.7913533415165968
-0.084295635708042 0.04653597296264968 -0.9953535296672221 -41.10452727497473 -0.028134496455227247 0.9983994500826329 0.04906106586602935 1.1491770459479946 0.9960435210922237 0.03213940408781127 -0.08285145016891494 1.7041146116860437
-0.08404469860069713 0.04250412033486982 -0.9955550654743707 -41.90990714616715 -0.031999286879360905 0.9984594544905975 0.04532949787450139 1.2127338048732776 0.9959480580212696 0.03566675613089849 -0.08255512237752644 1.6304561500090982
-0.08424149186165932 0.042033331166396855 -0.9955584212490894 -42.73098608072498 -0.0355384017810132 0.9983475117109571 0.04515825350249101 1.2235211337531735 0.995811424441285 0.03918475381573795 -0.0826084863717185 1.5463860737036608
-0.08581831526387769 0.039281981709349434 -0.9955361081740116 -43.586528324048 -0.033677109038102844 0.998537064474156 0.0423034655575019 1.2617761167568058 0.9957414669943766 0.03715719021031274 -0.08436986502044946 1.4895040944180444
-0.08969593853280554 0.03756048659335126 -0.9952606937167724 -44.39739074364657 -0.030002991982996722 0.9987332097077583 0.04039549849811589 1.2564426037991456 0.9955171817114937 0.03348411076486482 -0.08845538561047883 1.4621493003463764
-0.08948025284904307 0.0365876393938727 -0.9953163461903237 -45.19137674912683 -0.024984587233205666 0.9989281145397358 0.03896655467036865 1.2469121874572948 0.9956751753211817 0.028354305240588025 -0.08847021319893805 1.375206367392348
-0.08961801995616951 0.039510359024378085 -0.9951922136094622 -45.99343975175081 -0.02387113296962379 0.9988405907909214 0.041804822678652126 1.278101314627521 0.9956901021451856 0.027502831094484835 -0.0885709589645824 1.2726911669219492
-0.09036871630472247 0.04577177247317199 -0.9948559895573339 -46.82793932455665 -0.020084486252944917 0.9986563690515492 0.04777101594832453 1.3053076846630225 0.9957058343333137 0.024298176833746268 -0.08932799156571138 1.174928799938152
-0.09471446896156883 0.04842510158136908 -0.9943259922712285 -47.65021083883046 -0.02012290689641614 0.998518982851111 0.050546112649982385 1.3342955349905203 0.9953010790647091 0.024796177584874787 -0.09359974139821556 1.1238045123380467
-0.09588560957577724 0.046740078891300815 -0.9942943804032677 -48.43717801102566 -0.01896500058402124 0.9986298333318155 0.04877278680290893 1.3597740429908844 0.9952116752877942 0.02353340189834291 -0.09486780468610528 1.0359491863062158
-0.09595420604184482 0.04245229372109732 -0.994480061690881 -49.25366655656577 -0.0202546274517789 0.9987999760853772 0.044591006252867105 1.392923991804438 0.9951796523290037 0.024421517759371243 -0.09497920330608964 0.9391310918737716
-0.09907140218186183 0.040619174355847075 -0.9942509441506057 -50.05866360369913 -0.02255096888989817 0.9988182550317359 0.04305284215343361 1.4017666619421734 0.9948247640021105 0.026686627550346835 -0.09803832331360038 0.8610817674214676
-0.10138534234217217 0.040399190907150016 -0.9940266182211671 -50.8441777869661 -0.02586921511437973 0.9987302178844184 0.043228874539037336 1.4140294623142367 0.9945108325541433 0.03009746266038953 -0.1002115096876578 0.7745081474676115
-0.10175123344244696 0.04143143242877942 -0.9939467404744795 -51.64358658436254 -0.027769846879235643 0.9986247148888375 0.044469252495356014 1.4414200019006096 0.9944222051509375 0.03212655008075741 -0.10046075195151422 0.674643910054294
-0.10590705914773618 0.04345309698299809 -0.993426153866137 -52.446147372669955 -0.027128413342978094 0.9985466245370964 0.046569172368284895 1.464069920148081 0.9940059074332399 0.03188207942027427 -0.10457432285063303 0.6137569517794019
-0.10926725071095139 0.04143249852209544 -0.9931485367196028 -53.260134275964674 -0.030737374067275433 0.9985122884882253 0.04503802364068323 1.4966837785845974 0.9935370560565553 0.03544795909818971 -0.10783116635859101 0.5494837358042216
-0.11106872606474416 0.040934614291040484 -0.9929693325794108 -53.861174955013226 -0.03825805592320888 0.9982346129090106 0.04543103286716352 1.469021508078856 0.9930760591451891 0.04303504320021569 -0.10930656800679307 0.5621877206761484
-0.11128087633185121 0.04326174834268071 -0.9928469105018918 -54.68710911658018 -0.0342033413871028 0.9982934186234691 0.04733267128556702 1.4892370168047715 0.9932002305682274 0.0392259029648117 -0.10961127011316943 0.43546745108691975
-0.11106899965247968 0.046532149834531994 -0.9927227389094984 -55.4392119048883 -0.033847901629219704 0.9981466080601983 0.05057339590360337 1.5091001130007637 0.9932361234225745 0.03921871810374017 -0.10928812963356455 0.33310610763753634
-0.1123788986868499 0.05147769744828567 -0.9923311089527302 -56.14827411020429 -0.03131136463187364 0.997977794088761 0.055316552230083804 1.5297298658143446 0.9931719798578839 0.03728765440674065 -0.1105398084584123 0.2823737709070912
-0.11350582446991442 0.05376140530683565 -0.9920817199761525 -56.888783015473855 -0.03233852385738873 0.9978059292345324 0.05777151079156218 1.543285544594883 0.993010900084253 0.03863986133319642 -0.11151822017061079 0.19838809147085357
-0.1131212831568144 0.05349043705056165 -0.9921402866737636 -57.639579467039404 -0.030472690203289653 0.9978932743311564 0.05727502244802047 1.6081909730089519 0.9931137852475609 0.036712207626167725 -0.11125297012881301 0.08943423068635907
-0.11304197606052703 0.05164978587081129 -0.9922468499661931 -58.319265182313806 -0.0324675207229366 0.9979226393808848 0.05564410039885243 1.6156609458007216 0.9930596013062082 0.03850591422874231 -0.11113020661805403 0.021953945399647207
-0.11322945923040882 0.048768143494028034 -0.9923712801882856 -58.98305283233022 -0.03584971883154974 0.9979437566125599 0.053132441104406625 1.5930612154685868 0.9929218938174824 0.0415923889450983 -0.11124830767140335 -0.036992163240621725
-0.11273038201912237 0.04652990258793441 -0.9925355556024085 -59.7860619290716 -0.03459834547296773 0.998113387289325 0.05072100752514341 1.6075384149026513 0.993023068946721 0.04005788660163998 -0.11090784580296302 -0.16922812901871742
-0.11459761329193838 0.043483157640650215 -0.9924598742666585 -60.46526233418937 -0.034849883829994384 0.9982506595948994 0.047760927706514286 1.633554677526097 0.9928005200566908 0.040060399647898884 -0.11288176006433868 -0.17154699655809533
-0.11269486066734102 0.043353503933556595 -0.9926834047549368 -61.16007757594639 -0.03812296741585354 0.9981234429380718 0.04791901514913364 1.6300863937919283 0.9928980349132471 0.043244263829278484 -0.11083061811288861 -0.263969592388522
-0.11002054454392078 0.04508689511694972 -0.9929061645830256 -61.78005082432858 -0.03930883676315685 0.9979916626315126 0.04967350068517292 1.6231871118163745 0.9931516979447782 0.04449509193951151 -0.10802727277270024 -0.30534654618128415
-0.10299906036452484 0.04674939824291182 -0.993582249905841 -62.441266319255405 -0.0396115677506407 0.9979097501710794 0.051059320538306016 1.639170083068155 0.9938924072878165 0.04461641264627547 -0.1009319496404162 -0.3990666298380428
-0.09608216994252496 0.04885690475861341 -0.9941736364823534 -63.13215728194521 -0.038488128041757615 0.9978653491583153 0.05275802260318397 1.6416546962396816 0.9946290165780338 0.04333298751026294 -0.09399665725151088 -0.45838463969924875
-0.08750104418834939 0.050674354350881474 -0.9948747042100694 -63.80631930265976 -0.03642688072874179 0.9978746098755223 0.05403096636329636 1.670310541807729 0.9954981916740646 0.040967948165596214 -0.0854691616712025 -0.5354312417343444
-0.07980362300253084 0.054797050186223634 -0.9953033030421237 -64.42552701685143 -0.044275213986076215 0.9973075947646868 0.05845739346879347 1.6447143566353126 0.9958268359419556 0.04873237851333237 -0.07716260818735912 -0.5239687545979246
-0.06610922006502273 0.05307518487689188 -0.9963998172283461 -65.0400327033455 -0.04851576957876228 0.9972322691014295 0.056338455472239424 1.7196608600790568 0.9966322246067425 0.05206559529190888 -0.06335126409412903 -0.5167559424438615
-0.04910273738144515 0.054748184572901364 -0.9972921124062016 -65.60975572102372 -0.052335365905129175 0.9969838498989838 0.05730804931403462 1.7167083307593474 0.9974216413619842 0.05500762971238754 -0.046089369882865744 -0.49637066155153947
-0.027973811815467545 0.057293594126946845 -0.9979653851334391 -66.17107664463425 -0.054166796516821755 0.9968023693963128 0.0587451659373339 1.7047374948689464 0.998139982170651 0.055699914164353916 -0.024780951443911164 -0.4864121542758478
-0.0028299358752249867 0.057031439888376556 -0.998368372058733 -66.74132634259175 -0.052768399079602436 0.9969728871754941 0.0571012985451125 1.7486894611541344 0.9986027676316181 0.05284389369852288 0.00018808844007163714 -0.46610670582553393
0.025975162879749585 0.056752390236894296 -0.9980503279473303 -67.26901151549144 -0.04998980431752304 0.9972118388696597 0.05540368112761661 1.7771864722598727 0.9984118941487404 0.04845322095169907 0.02873978082275012 -0.4194727307513618
0.0583773103769619 0.05581157413101168 -0.9967332430626433 -67.78123172924286 -0.05042261146977249 0.9973264451642682 0.052891606409481824 1.8089876130284601 0.9970203858927508 0.047170223330251386 0.061035400754433033 -0.32024858514962495
0.09768806784758942 0.05412763464238822 -0.9937440518404266 -68.25102336343342 -0.052406649511506045 0.9974142982886625 0.04917581373313687 1.8503295615788211 0.9938362966239419 0.04727490600052189 0.10027212362097128 -0.2600676603151928
0.1391925132214755 0.053456243332571374 -0.9888214572468893 -68.72444379763434 -0.05220688233685683 0.997549410646741 0.04657912359639476 1.8627526469612765 0.9888882068766741 0.04513982019361162 0.14164219333635766 -0.18454658520497255
0.18365901917001207 0.05499254043913779 -0.9814505515682197 -69.17126106374238 -0.050280547428837176 0.9976524547018681 0.046491355944909385 1.8547337145436142 0.9817032297124088 0.04080931417445821 0.18599292634088457 -0.05601322257642799
0.22897564799787248 0.05147025907273315 -0.9720704527218919 -69.64921018802866 -0.05079337732179837 0.9978724995623359 0.040871841620657226 1.9042899726396587 0.9721060566852818 0.04001608486851791 0.2311028504964769 0.20122448060723605
0.28011946341864796 0.046938251494989536 -0.958816920355834 -70.04336653617895 -0.04173653014198966 0.9984549307227806 0.036685329044145044 1.9007806888481735 0.9590574269905657 0.029741416609898395 0.2816456991901036 0.3460003528677454
0.33157423144500514 0.04259700570653012 -0.9424669883590067 -70.46170049041717 -0.03667664596536843 0.998806990677357 0.03224002194131312 1.9042403022865775 0.9427159448542247 0.023876567569129134 0.33274097559322824 0.5517756296176521
0.38640476333273244 0.037543466513439865 -0.921564890279536 -70.8646144097223 -0.03182144399678185 0.9991190125639812 0.027360453854753667 1.9241444563781962 0.9217802094728128 0.01875331584900826 0.38725903290812297 0.7441799591948643
0.4380862269947289 0.03743483960840085 -0.8981531553699628 -71.27719047221795 -0.03099807510732002 0.9991674155210006 0.026525367117694307 1.9259787717457975 0.8983983398566423 0.016220620967793694 0.4388818911714834 0.9709878951131418
0.4879197298035226 0.034533219736955854 -0.8722051329836696 -71.6774459125347 -0.02903625226733004 0.999306240616003 0.02332238238650883 1.9561495519212468 0.8724054294436346 0.013946117757773917 0.4885839461922217 1.2204129768394723
0.5332189486926259 0.0308878679449418 -0.845413208063933 -72.05366249551288 -0.02154400099175559 0.9995049243562237 0.02292950520464446 1.9598351655820239 0.8457029081044978 0.005987136333709814 0.5336204132359695 1.5120674807235166
0.5746328632841231 0.019582486140465614 -0.8181769971530936 -72.33189858482864 -0.005321594639937675 0.9997819674075376 0.020191539743287697 1.9879702686663532 0.8183940084484884 -0.007248715974230647 0.5746117846445115 1.8351213457457165
0.6179777175143814 0.011256775794671664 -0.7861150206263894 -72.66357938451628 -0.0002098728902814326 0.9998998180763037 0.014153083209945764 2.016916846008428 0.7861955841958738 -0.008581305826401165 0.6179181698099132 2.1382413220240695
0.6589315145015401 0.00741658401185478 -0.752166373536006 -72.94624040390956 -0.002861941321781699 0.999968872318656 0.007352801209678087 2.0000238648325435 0.7521974930087065 -0.002692336411644761 0.6589322293195817 2.4529474747301827
0.7010162680974051 0.0007183474435321661 -0.7131449192413432 -73.24950277083884 -0.005828586844290434 0.999971863845002 -0.004722191626144373 1.9882664591352555 0.7131214619110765 0.007466960245362868 0.7010007311454916 2.780875206897507
0.7419743860916689 -0.0023186646145025953 -0.6704242195642257 -73.53664543587328 -0.010420400513337796 0.999833337217508 -0.014990431669744543 1.9918429068956738 0.6703472425818116 0.01810860521710862 0.7418265651620086 3.1284712489834874
0.7803111626004885 -0.00432474361154046 -0.6253765154798933 -73.8014046346018 -0.010674218631443399 0.9997383227073953 -0.02023232974264306 2.0008094457966217 0.6253003682852645 0.022462918396800598 0.7800608096292381 3.5234742487993964
0.8164297964524463 -0.00996767473490848 -0.5773586692213091 -74.10209970324829 -0.006135934687375338 0.9996448045813392 -0.025934821747047684 2.033683611260406 0.5774121039345593 0.024716596325504218 0.8160786433279325 3.973937581726721
0.8475306822763119 -0.010678132547372562 -0.5306389733948635 -74.28077035326427 -0.005936629676504103 0.9995443154907347 -0.029595908471362377 2.0452139095090778 0.5307131984681915 0.028233647576286387 0.8470810835547039 4.4110206339289695
0.875553017025159 -0.00885666993507512 -0.4830408613935343 -74.57890765518333 -0.006068503581563415 0.9995514583988405 -0.029326699047694634 2.0284244639003313 0.48308393436588937 0.02860841502800584 0.8751065483397835 4.891139753865941
0.8959398867402465 -0.009030458391535658 -0.4440835171103721 -74.6172544561492 -0.005023097959103363 0.9995233810349172 -0.03045946899444442 2.0436207943195273 0.4441469214514184 0.02952052820951895 0.8954675039215384 5.330566640762968
0.9170864617739818 -0.0017448860340883799 -0.3986845582708366 -74.90195837033758 -0.012352552350590568 0.9993859837021891 -0.032788260552159006 2.0309734165107014 0.3984969712322912 0.03499444173491521 0.9165018019438719 5.680660642317432
0.9319758904460743 0.001278426907179897 -0.36251800679675894 -75.11947099305003 -0.014179339206900817 0.9993571213723947 -0.03292856361790664 2.0371150686993764 0.36224285495632236 0.0358288931858892 0.9313948703134339 6.252017923043982
0.9426553093387318 0.005256846337735737 -0.33372643488655 -75.17055922237111 -0.016593627137689703 0.9993776316904931 -0.03112877792523222 1.9896432418203676 0.33335509492719634 0.034881439810944055 0.9421558606954621 6.640509547290885
0.9510270104936713 0.008202881483212533 -0.30899892887653857 -75.37895624444154 -0.018031948142934927 0.9994177120315045 -0.02896697643670642 1.9532955151577784 0.30858138984333733 0.03312022966536536 0.9506211528412772 7.278848601368891
0.9572159290236197 0.0009445915685780916 -0.2893730688405936 -75.53348454234035 -0.009108308479927812 0.999597537208215 -0.026866379062081742 1.946524830582916 0.28923122919229916 0.028352625170194396 0.9568392888598806 7.844109940275514
0.9612011655870581 0.002719960957563254 -0.2758349526192728 -75.5870435903748 -0.010004321904351512 0.9996372715450728 -0.025004777166739017 1.9366727159712809 0.275666887415447 0.026794162616388516 0.9608797219383797 8.417641580012724
0.9652494614602589 0.010220797709902694 -0.26113025953508284 -75.7678444657819 -0.017027859217181314 0.9995712749948094 -0.0238184427646467 1.9121922290291988 0.26077486297794455 0.027437228348106135 0.9650096731843781 9.069862857802871
0.9680377636583287 0.013613320602251847 -0.25043475324636616 -75.79952931423719 -0.01963590521233872 0.9995745882009096 -0.021565570928580004 1.8619526728968165 0.2500346363164102 0.025793800130338208 0.967893258844677 9.579076550696529
0.9716570085521223 0.011087957163234099 -0.23613495069026355 -76.04059986734198 -0.016887281390462975 0.9996030563090809 -0.02255104309749806 1.8359840423468972 0.23579117341152897 0.025899556434273982 0.9714585608855039 10.31624116646122
0.9749607433337227 0.02586335799008716 -0.22086791453635166 -76.22367490537425 -0.030946554913639825 0.9993291468418662 -0.0195848668947713 1.7313825858938885 0.22021321417466558 0.02592957743167805 0.9751070696682951 10.995175134145281
0.9778793869817753 0.025632552039340666 -0.20759305574152334 -76.34326683256172 -0.030223275032047945 0.9993631023693554 -0.018972170909920087 1.6905383805431475 0.2069745350580342 0.02482663687752486 0.9780312775872119 11.66410452397134
0.980708265108363 0.02563627758679142 -0.19378875101419893 -76.48251194322671 -0.029999932243104627 0.9993574000510107 -0.019616091065588915 1.6968288459297807 0.19316133881695602 0.02505131203704262 0.9808471486178035 12.376114273101749
0.9831266145073434 0.020193528296514787 -0.1818083641152756 -76.6039563622368 -0.024557589094730582 0.9994610385009172 -0.021784336953942274 1.676013304000338 0.1812704737821047 0.025881536538744036 0.983092651483682 13.111650451024488
0.9851520441704689 0.024652153550305717 -0.16990503580554758 -76.76811890489226 -0.029844887567002237 0.9991601497205798 -0.02807628708469219 1.6514793711549545 0.16907020007341597 0.032730208304884933 0.985060404701897 13.868302496778075
0.9866181086843503 0.01646737492327366 -0.16221446661521133 -76.85244881410314 -0.022531562304414943 0.9991115479437337 -0.03561521396255943 1.6499110044404492 0.16148385775749569 0.03879356040134634 0.9861125814810168 14.591110207815637
0.9876392250514417 0.017902292922843628 -0.1557185571725413 -76.86039117930581 -0.023770306073840237 0.999072535606229 -0.03590321916621065 1.599201978323038 0.15493138380892663 0.03916090531953589 0.987148767818517 15.227357172009208
0.9883388610405527 0.023649403266101238 -0.1504227425698195 -76.87552168793019 -0.028321472482376875 0.9991783058156559 -0.02899322996470732 1.54671732616427 0.1496134684896334 0.0329153294456198 0.9881965346701024 15.851146015115194
0.988994527634316 0.03165518517396043 -0.14452603073835538 -76.98439848939793 -0.03491020560868123 0.9991894855914332 -0.0200411932750481 1.4869455334293975 0.14377448262379883 0.024866063925166153 0.9892980223426809 16.53873489572645
0.9896783397385838 0.03130812672495688 -0.13984486066087642 -77.10665728224996 -0.0337692935569755 0.9993131386133163 -0.015260596563266142 1.4578721389082565 0.1392710259348596 0.01982554402224437 0.9900558212238769 17.306029018567536
0.990367415626805 0.029418394431000774 -0.13530314162572427 -77.25109256321083 -0.03197980195830908 0.9993473795161912 -0.01679605075098095 1.4405992247455095 0.13472072717809863 0.020961229048512737 0.990661875992708 18.107594420592168
0.9906148992414301 0.02750471526799937 -0.13388656407169147 -77.33769123420815 -0.03011459288953689 0.9993931254171619 -0.017506917604627324 1.4250756143997438 0.1333237889350356 0.021374552789333173 0.990842013540541 18.872702029260044
0.9909608139897846 0.025216362602961923 -0.13176038932010248 -77.43286452337662 -0.027471627400428866 0.9995050817944843 -0.015326485408400516 1.4098299383987267 0.13130870049117324 0.018807618777447726 0.9911631039598143 19.62002704528807
0.9913698488197956 0.0221241065595421 -0.12921434425002365 -77.52375016758147 -0.02395669535075067 0.9996330188514573 -0.012645329959861075 1.383619384622039 0.12888715839404838 0.015631747530727977 0.9915360552548027 20.34388096981807
