0.999992 0.00401554 -0.00022845 0.0541836 -0.00401461 0.999984 0.0039223 -0.124797 0.000244197 -0.00392135 0.999992 0.555863
0.99998 0.00501046 -0.00397695 0.129928 -0.00499414 0.999979 0.00410103 -0.136334 0.00399742 -0.00408109 0.999984 1.34964
0.999985 0.00420786 -0.00348681 0.142054 -0.00419336 0.999983 0.00415563 -0.1315 0.00350424 -0.00414094 0.999985 1.94382
0.999951 0.00968365 -0.00190813 0.041359 -0.009674 0.999941 0.00500293 -0.144034 0.00195646 -0.00498422 0.999986 2.53374
0.999835 0.0177498 -0.00398324 0.0932534 -0.017748 0.999842 0.000501167 -0.109377 0.0039915 -0.00043039 0.999992 3.34447
0.999861 0.0166301 -0.00118238 0.0196442 -0.0166306 0.999862 -0.000394178 -0.0909799 0.00117566 0.000413787 0.999999 3.94589
0.999965 0.00832083 -0.000750519 -0.0258472 -0.00830901 0.999859 0.0145739 -0.523625 0.00087168 -0.0145671 0.999894 4.802
0.999964 0.00839719 0.00085288 -0.0183991 -0.00841104 0.999806 0.0177926 -0.490127 -0.000703307 -0.0177992 0.999841 5.53232
0.999937 0.0095106 0.00593834 -0.138807 -0.00961497 0.999795 0.0178016 -0.410169 -0.00576782 -0.0178576 0.999824 6.16897
0.999912 0.00942586 0.00938841 -0.184432 -0.00963008 0.999713 0.0219497 -0.450585 -0.00917882 -0.0220382 0.999715 6.77927
0.999894 0.0106898 0.00984312 -0.17574 -0.0109205 0.99966 0.0236826 -0.518416 -0.00958661 -0.0237876 0.999671 7.46612
0.999749 0.0167365 0.0148936 -0.306942 -0.0170097 0.999686 0.0184159 -0.421773 -0.0145808 -0.0186646 0.999719 7.90836
0.999773 0.0149921 0.0151234 -0.28051 -0.0152331 0.999757 0.0159513 -0.434245 -0.0148806 -0.0161781 0.999758 8.46477
0.999797 0.0101488 0.0174281 -0.309901 -0.0104325 0.999813 0.0162648 -0.46831 -0.0172598 -0.0164433 0.999716 8.95639
0.999843 0.0098464 0.0147601 -0.226209 -0.00998977 0.999903 0.00967173 -0.419108 -0.0146635 -0.00981766 0.999844 9.50063
0.999471 0.0246758 0.0211775 -0.344344 -0.0247271 0.999692 0.00216498 -0.24444 -0.0211176 -0.00268749 0.999773 10.0398
0.999042 0.0342388 0.0272559 -0.430983 -0.0341654 0.999411 -0.00315733 -0.202769 -0.027348 0.0022231 0.999624 10.3339
0.998739 0.0377253 0.0331125 -0.446652 -0.0376412 0.999286 -0.00316097 -0.242404 -0.0332081 0.00191059 0.999447 10.7305
0.999009 0.0235698 0.0377583 -0.477537 -0.0238509 0.999691 0.00701209 -0.316717 -0.0375814 -0.00790571 0.999262 11.1015
0.99889 0.0218939 0.0417161 -0.483867 -0.0221175 0.999743 0.0049062 -0.287465 -0.0415979 -0.0058234 0.999117 11.4479
0.999203 0.0101235 0.0386137 -0.387682 -0.0104108 0.99992 0.00724618 -0.335913 -0.0385372 -0.0076424 0.999228 11.7366
0.999087 0.0114754 0.0411564 -0.330232 -0.0118594 0.999888 0.00909776 -0.363739 -0.0410474 -0.00957754 0.999111 11.8962
0.999007 0.00946 0.0435373 -0.314203 -0.00994309 0.999891 0.0108929 -0.37613 -0.0434295 -0.0113149 0.998992 12.1223
0.998785 0.00991202 0.04828 -0.340382 -0.0104134 0.999894 0.0101449 -0.383027 -0.0481744 -0.0106354 0.998782 12.305
0.998716 0.00686385 0.0502008 -0.341783 -0.00730341 0.999937 0.00857801 -0.392202 -0.0501387 -0.00893363 0.998702 12.3922
0.998624 0.00995133 0.0514868 -0.312657 -0.0103989 0.99991 0.0084314 -0.41641 -0.0513983 -0.0089552 0.998638 12.6466
0.998666 0.0129759 0.049982 -0.18105 -0.0133374 0.999887 0.00690492 -0.406308 -0.0498868 -0.00756233 0.998726 12.7741
0.998591 0.0133359 0.0513583 -0.183171 -0.013731 0.999879 0.00734702 -0.440227 -0.0512541 -0.00804187 0.998653 12.9037
0.998652 0.011293 0.0506532 -0.119421 -0.0115367 0.999923 0.00452037 -0.420144 -0.0505983 -0.00509865 0.998706 13.1257
0.998751 0.0117078 0.0485633 -0.00330195 -0.0119758 0.999915 0.00523141 -0.48153 -0.0484979 -0.00580646 0.998806 13.3715
0.998941 -0.00822088 0.0452649 0.0875635 0.00741814 0.999813 0.0178738 -0.630458 -0.0454033 -0.0175191 0.998815 13.5816
0.998875 -0.0066358 0.0469627 0.102217 0.00587803 0.999851 0.0162552 -0.619421 -0.0470635 -0.0159609 0.998764 13.7462
0.998638 -0.0106917 0.0510749 0.034449 0.00980707 0.999798 0.0175405 -0.691303 -0.0512521 -0.0170157 0.998541 13.7418
0.998657 -0.00473531 0.0515964 0.0749757 0.00390912 0.999863 0.0161018 -0.767669 -0.0516656 -0.0158785 0.998538 13.823
0.998537 -0.000740575 0.0540615 -0.00890714 3.93211e-05 0.999916 0.0129713 -0.82233 -0.0540666 -0.0129502 0.998453 14.0255
0.998088 -0.0378495 0.0488576 0.234243 0.0371144 0.999185 0.0158682 -0.829732 -0.0494184 -0.0140246 0.99868 14.614
0.998139 -0.0406755 0.0454321 0.278089 0.039989 0.999073 0.0159191 -0.8445 -0.0460375 -0.0140727 0.998841 14.7938
0.997858 -0.0584753 0.0293407 0.606591 0.057887 0.998112 0.0205151 -0.858633 -0.030485 -0.0187727 0.999359 15.3299
0.996453 -0.0835413 0.0101198 0.936908 0.0832169 0.996107 0.0290842 -0.91106 -0.0125101 -0.0281389 0.999526 15.848
0.996675 -0.0812765 0.00569797 0.947304 0.0810812 0.996293 0.0287279 -0.930578 -0.00801175 -0.0281704 0.999571 15.917
0.996056 -0.0882866 -0.00887092 1.1579 0.0885009 0.995691 0.02769 -0.863547 0.00638804 -0.0283659 0.999577 16.3804
0.995549 -0.0927758 -0.0165792 1.15015 0.0932408 0.995194 0.029905 -0.9484 0.013725 -0.0313177 0.999415 16.5151
0.995745 -0.0884154 -0.0259888 1.1952 0.0890912 0.995681 0.0261067 -0.899758 0.0235683 -0.0283109 0.999321 16.7396
0.995208 -0.0910171 -0.0357394 1.15631 0.0919562 0.995435 0.0255718 -0.928758 0.0332488 -0.0287357 0.999034 16.8154
0.995072 -0.0882987 -0.0451165 1.06342 0.0894063 0.995726 0.0231475 -0.966915 0.0428797 -0.0270671 0.998714 16.9624
0.995278 -0.0778855 -0.0579299 0.884822 0.0792519 0.996619 0.0216714 -1.15598 0.0560462 -0.0261601 0.998085 17.4104
0.99397 -0.0767345 -0.0783271 0.949699 0.0783643 0.996763 0.0179456 -1.08544 0.0766966 -0.0239755 0.996766 17.5374
0.992116 -0.0760353 -0.0996197 0.78894 0.0780074 0.996824 0.0160481 -1.1031 0.098083 -0.0236926 0.994896 17.8989
0.989045 -0.0857776 -0.120136 0.590398 0.0881165 0.996008 0.0142836 -1.02934 0.118431 -0.0247131 0.992655 18.1818
0.98532 -0.0878792 -0.14636 0.507196 0.0907538 0.995788 0.0130677 -0.986569 0.144595 -0.0261587 0.989145 18.449
0.980078 -0.0843646 -0.179806 0.796283 0.0881404 0.996022 0.0131002 -0.964771 0.177985 -0.0286873 0.983615 18.3009
0.972913 -0.0873025 -0.214055 0.745992 0.0920257 0.995682 0.0121811 -0.918973 0.212067 -0.0315497 0.976746 18.5412
0.966063 -0.0838051 -0.244332 0.537814 0.0904266 0.995775 0.0159896 -0.989394 0.24196 -0.0375411 0.96956 18.7028
0.953503 -0.0804309 -0.290454 0.903533 0.089377 0.995842 0.0176439 -1.01797 0.287827 -0.0427834 0.956726 18.6031
0.939256 -0.0866832 -0.33209 0.83256 0.0982941 0.994989 0.0182918 -0.963713 0.328841 -0.0498232 0.94307 18.8036
0.923692 -0.0870234 -0.373121 0.690295 0.100864 0.994743 0.0176916 -0.928252 0.36962 -0.053976 0.927614 19.0545
0.905275 -0.0888567 -0.41543 0.546717 0.105707 0.99424 0.0176903 -0.89658 0.411465 -0.0599284 0.909453 19.2978
0.8846 -0.0857605 -0.458397 0.525883 0.106207 0.994163 0.0189599 -0.920798 0.454096 -0.0654571 0.888545 19.4182
0.860937 -0.0830492 -0.501886 0.328509 0.108794 0.993817 0.0221752 -0.947638 0.496941 -0.0736939 0.864649 19.6862
0.836498 -0.0764836 -0.542606 0.14105 0.106276 0.994054 0.0237204 -1.0367 0.537565 -0.077508 0.839653 19.8164
0.808868 -0.070107 -0.583796 -0.0843402 0.096376 0.995246 0.0140147 -1.00475 0.580038 -0.0675999 0.81178 20.0285
0.776288 -0.0699764 -0.626482 -0.332376 0.103278 0.994509 0.0168907 -1.04771 0.62186 -0.0778142 0.779253 20.2743
0.742018 -0.0688306 -0.666836 -0.556411 0.104085 0.994481 0.0131702 -1.0662 0.66225 -0.0791802 0.745088 20.4606
0.695774 -0.0695422 -0.714886 -0.842691 0.104262 0.994539 0.00472879 -1.00536 0.710653 -0.0778258 0.699225 20.8698
0.656146 -0.0702134 -0.751361 -1.25611 0.109758 0.993954 0.00296536 -1.04054 0.74661 -0.0844132 0.659885 21.1152
0.612672 -0.0714807 -0.787098 -1.60678 0.110917 0.993822 -0.00391705 -1.02928 0.782516 -0.084903 0.616815 21.3745
0.567842 -0.0691949 -0.820224 -2.12035 0.103606 0.994544 -0.0121741 -1.04696 0.816591 -0.0780672 0.571913 21.6992
0.522951 -0.0664303 -0.84977 -2.36196 0.102345 0.994639 -0.0147719 -1.14147 0.846196 -0.0792448 0.526947 21.8323
0.476626 -0.0644827 -0.876738 -2.73703 0.0986898 0.994927 -0.019524 -1.17774 0.873549 -0.0772195 0.480571 21.9793
0.42593 -0.0637162 -0.90251 -3.1144 0.0956985 0.995094 -0.0250887 -1.23248 0.899681 -0.0756829 0.429938 22.147
0.37186 -0.0630176 -0.926147 -3.72078 0.0976544 0.994813 -0.0284803 -1.29079 0.923138 -0.0798517 0.376085 22.3954
0.32057 -0.0621861 -0.945181 -4.14856 0.106593 0.993873 -0.0292372 -1.36791 0.941208 -0.0913775 0.325234 22.4931
0.265406 -0.0649067 -0.96195 -4.64472 0.0998294 0.994219 -0.0395407 -1.34294 0.958955 -0.0855365 0.270351 22.593
0.209692 -0.0630998 -0.975729 -5.13152 0.100931 0.993981 -0.0425892 -1.34103 0.972544 -0.0895509 0.214799 22.6914
0.156573 -0.0604007 -0.985818 -5.83599 0.102699 0.993713 -0.0445732 -1.34842 0.982312 -0.0942634 0.161792 22.8226
0.108111 -0.061687 -0.992223 -6.61165 0.104335 0.993265 -0.0503837 -1.36969 0.988649 -0.0980762 0.113819 22.9187
0.0617328 -0.0626186 -0.996126 -7.38164 0.105384 0.99286 -0.0558823 -1.42821 0.992514 -0.101526 0.0678911 22.995
0.0211418 -0.060953 -0.997917 -7.9541 0.0979196 0.993467 -0.0586067 -1.4906 0.99497 -0.0964766 0.0269722 22.9919
-0.0266453 -0.0634907 -0.997627 -8.61559 0.0934803 0.99345 -0.0657216 -1.52536 0.995265 -0.0950096 -0.0205356 23.1851
-0.0615103 -0.0659527 -0.995925 -9.41009 0.117191 0.990436 -0.0728271 -1.63187 0.991203 -0.121193 -0.0531929 23.2428
-0.0727086 -0.0648167 -0.995245 -10.2129 0.0859446 0.993767 -0.0709992 -1.59844 0.993643 -0.0906982 -0.0666847 23.1559
-0.0966337 -0.0584964 -0.9936 -11.1906 0.0896774 0.9937 -0.067224 -1.6427 0.991272 -0.0955995 -0.090779 23.2864
-0.11334 -0.0547647 -0.992046 -12.1405 0.097559 0.993041 -0.0659656 -1.70161 0.988755 -0.10426 -0.107208 23.403
-0.118191 -0.0581533 -0.991287 -13.0247 0.0823662 0.994269 -0.0681488 -1.85712 0.989569 -0.0897031 -0.112724 23.4312
-0.12026 -0.0592613 -0.990972 -13.8546 0.104966 0.991862 -0.0720528 -1.98068 0.987178 -0.112683 -0.113061 23.422
-0.11808 -0.0595214 -0.991219 -15.0475 0.113306 0.990875 -0.0729985 -2.0814 0.986518 -0.120931 -0.110259 23.39
-0.113694 -0.0598757 -0.99171 -15.9995 0.114382 0.990756 -0.0729314 -2.13385 0.98691 -0.121726 -0.105794 23.3927
-0.108486 -0.0571009 -0.992457 -17.0984 0.106894 0.99189 -0.068753 -2.27686 0.988334 -0.113547 -0.101502 23.433
-0.105671 -0.0619152 -0.992472 -18.2775 0.111693 0.991005 -0.073716 -2.36841 0.988108 -0.118642 -0.0978053 23.4428
-0.103549 -0.0739613 -0.991871 -19.3088 0.101888 0.991196 -0.084548 -2.37511 0.989392 -0.109815 -0.0951016 23.4412
-0.107047 -0.0831996 -0.990767 -20.3395 0.0932512 0.99126 -0.0933163 -2.46522 0.989871 -0.102379 -0.0983533 23.5267
-0.11238 -0.0839479 -0.990113 -21.3219 0.0884049 0.991629 -0.0941106 -2.60893 0.989725 -0.098107 -0.104018 23.5439
-0.114387 -0.0819343 -0.990052 -22.2509 0.0778334 0.992791 -0.0911536 -2.56139 0.990383 -0.0874859 -0.107185 23.3684
-0.114722 -0.0727029 -0.990734 -22.9892 0.0643796 0.994678 -0.0804472 -2.6941 0.991309 -0.0730121 -0.109431 23.1692
-0.120851 -0.0656101 -0.9905 -24.1468 0.0641101 0.995214 -0.0737444 -2.67987 0.990598 -0.0724131 -0.116066 23.1373
-0.119644 -0.0539675 -0.991349 -25.119 0.0659351 0.995885 -0.062172 -2.7949 0.990625 -0.0728031 -0.115593 22.9821
-0.122468 -0.0478695 -0.991317 -26.1256 0.064742 0.996323 -0.0561095 -2.8266 0.990359 -0.0710515 -0.118919 22.9045
-0.129191 -0.0486127 -0.990427 -27.5786 0.0704846 0.995821 -0.0580714 -2.8471 0.989112 -0.0773122 -0.125225 22.9515
-0.130101 -0.0524784 -0.990111 -28.6835 0.0665746 0.995882 -0.0615322 -2.92507 0.989263 -0.0739216 -0.126071 22.7594
-0.135348 -0.0590141 -0.989039 -29.9153 0.0660924 0.995463 -0.0684421 -2.9469 0.988591 -0.0746315 -0.130833 22.6421
-0.141717 -0.0636257 -0.98786 -30.9244 0.0660464 0.995101 -0.073567 -3.05676 0.987702 -0.0756703 -0.13682 22.5735
-0.146308 -0.0701472 -0.986749 -32.2068 0.0702091 0.994231 -0.0810892 -3.04496 0.986745 -0.0811427 -0.140539 22.2857
-0.148654 -0.0756369 -0.985992 -33.3766 0.065399 0.994136 -0.0861216 -3.08536 0.986724 -0.0772853 -0.142836 21.9417
-0.157246 -0.0757199 -0.984652 -34.1582 0.0608519 0.994419 -0.0861888 -3.16822 0.985683 -0.0734708 -0.15176 21.8223
-0.162479 -0.0756259 -0.98381 -35.2531 0.0549578 0.994817 -0.0855485 -3.11546 0.98518 -0.0679678 -0.157481 21.6046
-0.167438 -0.0741829 -0.983088 -36.3574 0.0541074 0.994971 -0.0842951 -3.18031 0.984397 -0.0673065 -0.162582 21.3669
-0.172165 -0.0709961 -0.982506 -37.3502 0.0557906 0.995096 -0.081682 -3.26044 0.983487 -0.0688775 -0.16736 21.1988
-0.175167 -0.0688884 -0.982126 -38.4133 0.0561899 0.995224 -0.0798289 -3.35769 0.982934 -0.069169 -0.17046 21.0356
-0.172442 -0.0645052 -0.982905 -39.5265 0.0524363 0.995837 -0.0745534 -3.5849 0.983623 -0.064396 -0.168342 20.6962
-0.173833 -0.0643367 -0.982671 -40.5392 0.0466241 0.996207 -0.0734706 -3.72128 0.983671 -0.0585878 -0.170174 20.4801
-0.171711 -0.0659847 -0.982935 -41.5544 0.0461126 0.996122 -0.0749254 -3.78037 0.984068 -0.0581912 -0.168002 20.133
-0.173764 -0.0653551 -0.982616 -42.5922 0.0483146 0.996028 -0.074791 -3.92593 0.983601 -0.0604706 -0.169916 19.9942
-0.175323 -0.0649767 -0.982364 -43.6267 0.0479683 0.996071 -0.0744443 -4.03326 0.983342 -0.0601741 -0.171518 19.8358
-0.174607 -0.069331 -0.982194 -44.7435 0.0493173 0.99565 -0.0790481 -4.09769 0.983402 -0.0622415 -0.170428 19.5727
-0.173247 -0.0747454 -0.982038 -45.7574 0.0425077 0.995619 -0.0832781 -4.2066 0.983961 -0.0561718 -0.169311 19.4029
-0.176234 -0.0789709 -0.981175 -46.8535 0.0427404 0.995223 -0.0877784 -4.27438 0.98342 -0.0574054 -0.172017 19.2472
-0.175498 -0.0758148 -0.981556 -48.0591 0.0509296 0.994996 -0.0859589 -4.28899 0.983162 -0.0650759 -0.170759 19.0716
-0.17311 -0.0720216 -0.982266 -49.2602 0.0513491 0.995306 -0.0820273 -4.42371 0.983563 -0.0646382 -0.168599 18.8754
-0.17509 -0.0735449 -0.981802 -50.5937 0.0536197 0.995014 -0.0840969 -4.49861 0.983091 -0.0673684 -0.170273 18.7412
-0.175976 -0.0705789 -0.981861 -51.6717 0.0455603 0.995774 -0.0797446 -4.73569 0.98334 -0.058767 -0.172017 18.6673
-0.172617 -0.0728761 -0.982289 -53.0142 0.0405117 0.99589 -0.0810042 -4.81166 0.984156 -0.0537769 -0.168956 18.5059
-0.165715 -0.0726453 -0.983494 -54.0356 0.0363001 0.996158 -0.0796971 -4.92903 0.985505 -0.048908 -0.162442 18.3029
-0.160111 -0.0700395 -0.984611 -55.0498 0.0430098 0.996037 -0.0778463 -5.08609 0.986162 -0.0548119 -0.156464 18.1134
-0.15922 -0.0700672 -0.984754 -56.2909 0.056426 0.995202 -0.0799338 -5.20183 0.985629 -0.0682928 -0.154503 17.9969
-0.154658 -0.0749294 -0.985123 -57.6486 0.0459664 0.995494 -0.0829347 -5.22933 0.986898 -0.058109 -0.150517 17.9307
-0.154372 -0.0748348 -0.985175 -58.863 0.0474362 0.995416 -0.0830458 -5.32377 0.986873 -0.059553 -0.150115 17.8412
-0.147075 -0.0730033 -0.986428 -59.9866 0.0442418 0.995789 -0.0802925 -5.45617 0.988135 -0.0554504 -0.143226 17.6545
-0.142062 -0.0713702 -0.987281 -61.1929 0.0438844 0.995963 -0.0783124 -5.55853 0.988884 -0.0544514 -0.138357 17.4975
-0.138632 -0.070856 -0.987806 -62.2723 0.0505684 0.99563 -0.0785141 -5.67158 0.989052 -0.0608363 -0.134443 17.3402
-0.130248 -0.0724298 -0.988832 -63.4076 0.0491252 0.995632 -0.0793986 -5.77446 0.990264 -0.0589181 -0.126121 17.1759
-0.127178 -0.0741958 -0.989101 -64.5098 0.0473722 0.995606 -0.0807749 -5.92631 0.990748 -0.0571287 -0.123104 17.0596
-0.124369 -0.0747128 -0.989419 -65.5745 0.0479955 0.995541 -0.0812081 -6.09981 0.991075 -0.0575875 -0.120229 16.9482
-0.11875 -0.07468 -0.990112 -66.5264 0.0513927 0.995369 -0.0812403 -6.20921 0.991593 -0.0605319 -0.114362 16.7404
-0.115179 -0.0763973 -0.990403 -67.8997 0.0528096 0.995157 -0.0829055 -6.25446 0.99194 -0.0618517 -0.110587 16.6119
-0.115665 -0.073611 -0.990557 -69.1232 0.0575294 0.99508 -0.0806647 -6.4347 0.991621 -0.0663162 -0.110861 16.5678
-0.113071 -0.0761196 -0.990667 -70.4077 0.0460847 0.995586 -0.0817575 -6.48928 0.992518 -0.054899 -0.109064 16.4689
-0.109483 -0.0748698 -0.991165 -71.3674 0.0492202 0.995528 -0.0806361 -6.6197 0.992769 -0.0576136 -0.105308 16.2548
-0.107671 -0.0748865 -0.991362 -72.4701 0.0451403 0.995762 -0.0801215 -6.73381 0.993161 -0.0533772 -0.103834 16.1051
-0.100694 -0.0744567 -0.992127 -73.6463 0.0509514 0.995501 -0.0798811 -6.9348 0.993612 -0.0585938 -0.0964473 15.8303
-0.10005 -0.0763654 -0.992048 -74.8524 0.0504866 0.995376 -0.0817133 -7.03176 0.993701 -0.0582605 -0.095732 15.7154
-0.0976581 -0.0773957 -0.992206 -76.0747 0.0458586 0.995563 -0.0821712 -7.09683 0.994163 -0.0535258 -0.0936755 15.6025
-0.0956058 -0.0745141 -0.992626 -77.1332 0.0559261 0.995217 -0.0800952 -7.27052 0.993847 -0.0631712 -0.0909813 15.3878
-0.0965568 -0.0711878 -0.992778 -78.2716 0.0568691 0.995415 -0.0769079 -7.40198 0.993702 -0.0638844 -0.0920657 15.2864
-0.0962476 -0.0663041 -0.993147 -79.5259 0.0614814 0.995478 -0.072418 -7.50542 0.993457 -0.0680301 -0.0917358 15.1878
-0.0932865 -0.0673993 -0.993355 -80.6828 0.0612546 0.995428 -0.0732923 -7.60493 0.993753 -0.0676848 -0.0887315 15.0338
-0.0949973 -0.0655029 -0.99332 -81.8083 0.0743047 0.994583 -0.0726923 -7.78065 0.992701 -0.080714 -0.0896155 14.9683
-0.0967073 -0.0689094 -0.992925 -83.0224 0.0690722 0.994731 -0.0757622 -7.87461 0.992913 -0.0759103 -0.091438 14.9055
-0.0982721 -0.0708132 -0.992637 -84.0191 0.0876304 0.992975 -0.0795128 -8.03642 0.991294 -0.094799 -0.0913763 14.7612
-0.0936792 -0.0709332 -0.993072 -85.1776 0.0924983 0.992524 -0.0796197 -8.09356 0.991296 -0.0993163 -0.0864177 14.5862
-0.0933582 -0.0665165 -0.993408 -86.3257 0.0950227 0.992616 -0.0753935 -8.23238 0.991088 -0.101435 -0.0863483 14.473
-0.0919288 -0.065283 -0.993623 -87.4766 0.094342 0.992789 -0.0739566 -8.31907 0.991286 -0.100539 -0.0851069 14.3627
-0.0877058 -0.0648815 -0.994031 -88.6632 0.0785905 0.994316 -0.0718343 -8.4607 0.993041 -0.0844217 -0.0821082 14.1651
-0.0866102 -0.0657979 -0.994067 -89.798 0.0807766 0.994067 -0.0728358 -8.59115 0.992962 -0.0866057 -0.0807815 14.0426
-0.0818562 -0.0653056 -0.994502 -90.9287 0.0667167 0.995254 -0.0708463 -8.71386 0.994409 -0.0721491 -0.0771107 13.8918
-0.0829148 -0.0625278 -0.994593 -92.1314 0.0614604 0.995809 -0.0677279 -8.83141 0.99466 -0.0667438 -0.0787244 13.849
-0.0808078 -0.0594155 -0.994957 -93.0623 0.0604764 0.99609 -0.0643949 -8.91025 0.994893 -0.065375 -0.0768986 13.6852
-0.0856137 -0.0612977 -0.994441 -94.4418 0.0464562 0.996774 -0.0654411 -8.90294 0.995245 -0.0518006 -0.0824899 13.6908
-0.0828532 -0.0600633 -0.99475 -95.4441 0.0425364 0.997059 -0.0637456 -8.98923 0.995654 -0.0475946 -0.0800547 13.5329
-0.0827614 -0.0563582 -0.994975 -96.274 0.0495151 0.996934 -0.0605878 -9.1375 0.995339 -0.0542806 -0.0797171 13.3712
-0.0822078 -0.0568573 -0.994992 -97.5226 0.0426314 0.997257 -0.060509 -9.24802 0.995703 -0.0473922 -0.0795584 13.3038
-0.082913 -0.0607479 -0.994704 -98.6962 0.0508054 0.996585 -0.0650977 -9.38757 0.995261 -0.0559338 -0.0795435 13.195
-0.0870738 -0.0624548 -0.994242 -99.8548 0.0576593 0.996044 -0.0676176 -9.49711 0.994532 -0.063215 -0.0831282 13.1537
-0.0925742 -0.0636081 -0.993672 -101.075 0.067862 0.995234 -0.0700304 -9.61728 0.993391 -0.0739156 -0.0878164 13.1216
-0.0957999 -0.0616348 -0.993491 -102.214 0.075708 0.994739 -0.0690126 -9.75814 0.992517 -0.0818266 -0.0906296 13.0528
-0.0951499 -0.0612697 -0.993576 -103.393 0.0679162 0.995379 -0.0678849 -9.82973 0.993143 -0.0739391 -0.090549 12.9533
-0.0968172 -0.0580376 -0.993609 -104.451 0.071796 0.995291 -0.0651317 -9.92325 0.992709 -0.077643 -0.0921943 12.836
-0.100861 -0.0603277 -0.99307 -105.622 0.075556 0.994813 -0.0681075 -10.013 0.992027 -0.0819018 -0.0957798 12.7524
-0.0957946 -0.0608766 -0.993538 -106.745 0.0765857 0.994719 -0.0683331 -10.1233 0.992451 -0.0826368 -0.0906264 12.573
-0.0967959 -0.0620624 -0.993367 -107.941 0.0767167 0.99462 -0.0696161 -10.2316 0.992343 -0.0829465 -0.0915139 12.4548
-0.0964014 -0.0668139 -0.993098 -109.082 0.0718299 0.994676 -0.0738927 -10.3029 0.992747 -0.0784575 -0.0910889 12.3374
-0.0978609 -0.0647811 -0.993089 -109.897 0.0683615 0.995085 -0.0716477 -10.5856 0.992849 -0.0749006 -0.0929513 12.3073
-0.0996952 -0.0625482 -0.99305 -111.127 0.0957679 0.992786 -0.0721459 -10.7552 0.990399 -0.102295 -0.0929858 12.1455
-0.0989257 -0.066202 -0.99289 -112.356 0.10246 0.991804 -0.0763381 -10.7823 0.989806 -0.109283 -0.0913318 11.9831
-0.102153 -0.0724183 -0.992129 -113.574 0.11131 0.990251 -0.0837421 -10.7269 0.988522 -0.118988 -0.0930963 11.8864
-0.103156 -0.0706427 -0.992153 -115.013 0.11616 0.989794 -0.0825521 -10.823 0.987859 -0.123764 -0.0938977 11.8526
-0.103389 -0.0709394 -0.992108 -116.31 0.117938 0.989542 -0.0830464 -10.9313 0.987624 -0.125593 -0.0939409 11.7341
-0.106362 -0.0748782 -0.991504 -117.451 0.130449 0.987491 -0.0885689 -11.02 0.985733 -0.138761 -0.0952639 11.6674
-0.106643 -0.080663 -0.99102 -118.7 0.123159 0.987957 -0.0936668 -11.0865 0.98664 -0.132042 -0.0954244 11.5094
-0.109731 -0.0765764 -0.991007 -119.798 0.118033 0.988969 -0.0894884 -11.2834 0.986928 -0.126792 -0.0994822 11.4188
-0.112506 -0.0800045 -0.990425 -121.059 0.10524 0.990188 -0.0919399 -11.3359 0.988062 -0.114576 -0.102982 11.3202
-0.114205 -0.0749652 -0.990625 -122.436 0.101397 0.991062 -0.0866878 -11.5003 0.988269 -0.110346 -0.105583 11.2465
-0.114453 -0.0711666 -0.990876 -123.671 0.104325 0.991055 -0.0832296 -11.6557 0.987936 -0.112899 -0.106005 11.0994
-0.113462 -0.0720042 -0.99093 -124.819 0.0914706 0.992378 -0.0825828 -11.7575 0.989323 -0.100011 -0.106011 10.9653
-0.11669 -0.0790755 -0.990015 -126.319 0.0810983 0.992738 -0.0888518 -11.7973 0.989852 -0.0906567 -0.10943 10.9256
-0.113768 -0.0831243 -0.990024 -127.66 0.0761671 0.992831 -0.0921127 -11.9029 0.990583 -0.0858868 -0.106621 10.7163
-0.115073 -0.0844925 -0.989757 -128.9 0.0729303 0.992968 -0.0932458 -12.023 0.990676 -0.0829134 -0.108101 10.5566
-0.116011 -0.0835021 -0.989732 -130.117 0.078349 0.992586 -0.0929266 -12.1926 0.990153 -0.088325 -0.108609 10.4312
-0.115607 -0.0835663 -0.989774 -131.369 0.0807689 0.992364 -0.0932189 -12.3177 0.990006 -0.0907197 -0.107975 10.2804
-0.114426 -0.0770197 -0.990442 -132.524 0.0794473 0.993087 -0.086404 -12.4462 0.99025 -0.0885748 -0.107516 10.1292
-0.11219 -0.0704408 -0.991187 -133.769 0.0800284 0.993604 -0.0796708 -12.6109 0.990459 -0.0882614 -0.105835 9.94834
-0.106521 -0.0721273 -0.991691 -135.085 0.079564 0.993549 -0.0808087 -12.7541 0.991122 -0.0875107 -0.100095 9.69617
-0.105478 -0.0718965 -0.991819 -136.273 0.0765787 0.993834 -0.0801866 -12.9128 0.991469 -0.0844102 -0.0993223 9.56155
-0.0987368 -0.0754709 -0.992248 -137.5 0.059368 0.994897 -0.08158 -12.9016 0.993341 -0.0669627 -0.0937524 9.32876
-0.10027 -0.0776317 -0.991927 -138.732 0.0585638 0.994762 -0.0837736 -12.9984 0.993235 -0.066491 -0.095198 9.23177
-0.100927 -0.0741152 -0.992129 -139.877 0.0715593 0.994098 -0.0815417 -13.2213 0.992317 -0.0792258 -0.0950273 9.12749
-0.101205 -0.0704127 -0.992371 -141.167 0.0733268 0.994251 -0.0780243 -13.347 0.99216 -0.0806638 -0.0954605 9.06432
-0.0980822 -0.069757 -0.99273 -142.333 0.0691655 0.99465 -0.0767255 -13.4769 0.992772 -0.0761881 -0.0927327 8.87874
-0.10088 -0.071029 -0.99236 -143.448 0.068015 0.994622 -0.0781051 -13.639 0.992571 -0.0753745 -0.095506 8.79267
-0.101784 -0.0750691 -0.99197 -144.951 0.0658425 0.994454 -0.0820131 -13.6978 0.992625 -0.0736615 -0.0962768 8.80152
-0.101585 -0.081132 -0.991513 -146.386 0.0832443 0.99248 -0.0897399 -13.7824 0.991338 -0.091654 -0.0940672 8.69441
-0.101713 -0.0828404 -0.991359 -147.619 0.0820618 0.992432 -0.0913496 -13.8901 0.991423 -0.0906441 -0.0941455 8.5759
-0.109049 -0.0913004 -0.989835 -148.748 0.0840535 0.99136 -0.100701 -13.833 0.990476 -0.0941804 -0.100433 8.57426
-0.113213 -0.0958829 -0.988933 -149.989 0.0867492 0.990578 -0.105973 -13.8829 0.989776 -0.0977867 -0.103828 8.48002
-0.120565 -0.10429 -0.987212 -151.118 0.0886307 0.989364 -0.115341 -13.8418 0.988741 -0.101403 -0.11004 8.46633
-0.125693 -0.106188 -0.98637 -152.372 0.0952601 0.988369 -0.118542 -13.9379 0.987485 -0.108862 -0.114116 8.44483
-0.126766 -0.104233 -0.986441 -153.677 0.0977379 0.988312 -0.116991 -14.1303 0.987106 -0.111243 -0.115097 8.31064
-0.127128 -0.102881 -0.986536 -154.634 0.0947643 0.988797 -0.115328 -14.3478 0.987349 -0.10815 -0.115955 8.19989
-0.126544 -0.104392 -0.986453 -155.804 0.0917997 0.988947 -0.116432 -14.476 0.987704 -0.10529 -0.115562 8.03175
-0.132003 -0.101753 -0.986013 -157.318 0.0925565 0.989106 -0.114463 -14.5896 0.986919 -0.106371 -0.121147 8.05273
-0.128572 -0.09992 -0.986654 -158.314 0.072801 0.991276 -0.109875 -14.6513 0.989024 -0.0859563 -0.120176 7.82458
-0.126581 -0.101023 -0.986799 -159.552 0.0676731 0.991603 -0.110195 -14.7991 0.989645 -0.0807284 -0.118681 7.67688
-0.128953 -0.105005 -0.986076 -160.461 0.077989 0.990224 -0.115646 -14.9045 0.988579 -0.091816 -0.119503 7.6823
-0.133465 -0.11318 -0.98457 -161.186 0.0884696 0.988131 -0.125582 -15.0046 0.987097 -0.103865 -0.121868 7.63604
-0.143118 -0.119563 -0.982457 -162.01 0.0817646 0.987854 -0.132131 -15.0529 0.986322 -0.0992406 -0.131604 7.66536
-0.143374 -0.120685 -0.982283 -163.231 0.0863628 0.987225 -0.133897 -15.2619 0.985893 -0.10403 -0.131119 7.52976
-0.142855 -0.125093 -0.981807 -164.695 0.0922711 0.985977 -0.13905 -15.4809 0.985433 -0.110456 -0.12931 7.37477
-0.144635 -0.126136 -0.981413 -165.398 0.109212 0.983747 -0.142531 -15.6592 0.98344 -0.127797 -0.128508 7.14939
-0.147133 -0.122277 -0.98153 -166.567 0.118651 0.982982 -0.140244 -15.862 0.981974 -0.137094 -0.130121 6.96384
-0.145686 -0.118732 -0.98218 -167.571 0.111264 0.984508 -0.135517 -15.9894 0.983054 -0.129024 -0.130219 6.7209
-0.145091 -0.1152 -0.982689 -168.813 0.113944 0.984645 -0.132253 -16.1982 0.982835 -0.13116 -0.129737 6.56573
-0.141723 -0.117862 -0.982865 -170.022 0.109871 0.984879 -0.133946 -16.4107 0.98379 -0.126972 -0.12663 6.3774
-0.14047 -0.119331 -0.982867 -171.186 0.10585 0.985211 -0.134744 -16.5744 0.98441 -0.122964 -0.125761 6.20361
-0.135891 -0.123671 -0.982975 -172.471 0.106922 0.984552 -0.138651 -16.6882 0.984937 -0.123943 -0.120568 5.98617
-0.132703 -0.122261 -0.983586 -173.474 0.103301 0.985252 -0.136405 -16.8812 0.985758 -0.119707 -0.118116 5.75045
-0.1306 -0.125047 -0.983518 -174.686 0.0976015 0.985574 -0.138268 -17.0406 0.986619 -0.114051 -0.116512 5.6332
-0.128129 -0.125214 -0.983821 -175.884 0.0995327 0.985366 -0.138373 -17.1844 0.98675 -0.115652 -0.113791 5.4442
-0.123817 -0.122242 -0.984747 -177.064 0.100229 0.985767 -0.134971 -17.3846 0.98723 -0.115412 -0.109802 5.21131
-0.123654 -0.12136 -0.984876 -177.985 0.0962903 0.986342 -0.13363 -17.513 0.987643 -0.111358 -0.110279 5.03863
-0.118575 -0.11838 -0.985863 -178.711 0.092857 0.987195 -0.129708 -17.7067 0.988594 -0.106924 -0.106064 4.82534
-0.114479 -0.11615 -0.986612 -179.752 0.091902 0.987644 -0.126935 -17.9207 0.989166 -0.105203 -0.10239 4.61395
-0.113325 -0.116906 -0.986656 -180.547 0.084406 0.988331 -0.126799 -18.0479 0.989966 -0.0976491 -0.102135 4.54855
-0.117801 -0.115834 -0.986258 -181.674 0.0863146 0.98822 -0.126374 -18.2383 0.989279 -0.100015 -0.106415 4.57811
-0.125076 -0.115979 -0.985345 -182.302 0.0957858 0.987093 -0.128344 -18.3462 0.987513 -0.110435 -0.112353 4.61279
-0.126111 -0.118182 -0.984951 -183.142 0.0951851 0.986856 -0.130597 -18.4581 0.987439 -0.110223 -0.113204 4.48448
-0.128833 -0.124675 -0.983798 -183.824 0.0989834 0.985494 -0.137852 -18.4938 0.986714 -0.115139 -0.114623 4.33623
-0.134502 -0.127444 -0.982684 -184.539 0.0990174 0.985003 -0.141297 -18.6756 0.985954 -0.116307 -0.119866 4.34578
-0.138256 -0.131992 -0.981562 -185.286 0.0907934 0.985217 -0.145272 -18.7231 0.986226 -0.109204 -0.124228 4.16864
-0.134284 -0.133779 -0.981871 -185.751 0.0751145 0.986621 -0.144699 -18.7322 0.988092 -0.0931835 -0.122439 3.80669
-0.13412 -0.13448 -0.981798 -186.479 0.062153 0.987657 -0.143773 -18.8446 0.989014 -0.0803045 -0.124106 3.67593
-0.134899 -0.132385 -0.981976 -187.346 0.0622864 0.987942 -0.141746 -18.9946 0.9889 -0.0802851 -0.125027 3.56278
-0.136146 -0.133502 -0.981652 -188.181 0.0650342 0.987537 -0.143322 -19.0682 0.988552 -0.0833537 -0.125767 3.42664
-0.142075 -0.133872 -0.980761 -188.893 0.0658462 0.98734 -0.144308 -19.1061 0.987663 -0.0850821 -0.131462 3.4172
-0.141207 -0.136814 -0.980481 -189.898 0.0560983 0.987707 -0.145901 -19.1777 0.988389 -0.0756057 -0.131796 3.28014
-0.140443 -0.139588 -0.980199 -191.016 0.0512669 0.987658 -0.147996 -19.3518 0.988761 -0.0710368 -0.131554 3.16465
-0.141019 -0.140337 -0.98001 -191.859 0.0522398 0.987468 -0.148922 -19.4716 0.988628 -0.0721964 -0.131921 3.0443
-0.140632 -0.140619 -0.980025 -192.793 0.0494511 0.987629 -0.148807 -19.6309 0.988826 -0.0693902 -0.131938 2.94215
-0.136971 -0.143036 -0.980194 -193.7 0.0472543 0.98745 -0.150698 -19.7623 0.989447 -0.0669596 -0.128493 2.80035
-0.138044 -0.142698 -0.980092 -194.443 0.0567195 0.986803 -0.151664 -19.9549 0.988801 -0.0765267 -0.128129 2.65302
-0.136007 -0.144203 -0.980157 -195.369 0.0561596 0.986637 -0.152949 -20.0943 0.989115 -0.0758474 -0.126091 2.50839
-0.135488 -0.142671 -0.980453 -196.359 0.0570096 0.986816 -0.151474 -20.218 0.989137 -0.0764182 -0.125568 2.40207
-0.135246 -0.137534 -0.98122 -197.291 0.0615316 0.987242 -0.146859 -20.4031 0.9889 -0.0802382 -0.125058 2.27062
-0.138515 -0.137882 -0.980715 -198.083 0.0613126 0.987167 -0.147449 -20.5016 0.988461 -0.080554 -0.128283 2.24534
-0.139929 -0.140525 -0.980139 -198.968 0.0622953 0.986668 -0.150355 -20.6478 0.9882 -0.082097 -0.12931 2.13483
-0.142236 -0.139973 -0.979886 -199.774 0.0585475 0.987028 -0.149492 -20.8143 0.9881 -0.0786331 -0.132196 2.09925
-0.140777 -0.14003 -0.980089 -200.723 0.057945 0.987085 -0.149352 -20.9415 0.988344 -0.0778166 -0.130845 1.9565
-0.141663 -0.143741 -0.979423 -201.587 0.0658061 0.985845 -0.154202 -20.9556 0.987725 -0.0862968 -0.130199 1.80997
-0.141277 -0.144588 -0.979354 -202.626 0.065191 0.985771 -0.154939 -21.0853 0.987821 -0.0857344 -0.129841 1.67153
-0.142251 -0.138197 -0.980136 -203.692 0.0710748 0.986224 -0.14937 -21.3124 0.987276 -0.0909111 -0.130469 1.55119
-0.142942 -0.133293 -0.980714 -204.617 0.0733091 0.986742 -0.144797 -21.4716 0.987012 -0.092593 -0.131275 1.47331
-0.143247 -0.134884 -0.980452 -205.648 0.072558 0.986572 -0.146327 -21.6021 0.987024 -0.0921006 -0.131537 1.35144
-0.139935 -0.133811 -0.981077 -206.657 0.0658766 0.987373 -0.144066 -21.8151 0.987967 -0.0847899 -0.129353 1.23025
-0.128784 -0.133739 -0.982613 -207.679 0.0622123 0.987823 -0.142602 -21.9737 0.989719 -0.0794955 -0.118895 0.94039
-0.123019 -0.134281 -0.983278 -208.763 0.0609982 0.987907 -0.142545 -22.1486 0.990528 -0.0775139 -0.11334 0.71287
-0.118775 -0.137949 -0.983292 -209.799 0.055882 0.987803 -0.145333 -22.3178 0.991347 -0.0722102 -0.109618 0.563431
-0.116271 -0.151242 -0.981635 -210.97 0.0424158 0.98668 -0.157043 -22.3466 0.992311 -0.0598964 -0.108307 0.502708
-0.113095 -0.15156 -0.981957 -212.026 0.0430477 0.986622 -0.157238 -22.5401 0.992651 -0.0600538 -0.105057 0.341931
-0.111179 -0.148334 -0.982668 -213.063 0.0469491 0.98691 -0.154286 -22.7593 0.992691 -0.0632887 -0.10276 0.202652
-0.114302 -0.145413 -0.982746 -214.1 0.0464058 0.987368 -0.151495 -22.9466 0.992362 -0.0629212 -0.10611 0.254094
-0.124497 -0.14572 -0.981461 -215.055 0.0581347 0.986386 -0.153825 -23.1497 0.990515 -0.0762078 -0.114331 0.335767
-0.124357 -0.15046 -0.980764 -216.188 0.0541284 0.985936 -0.158117 -23.2604 0.99076 -0.07275 -0.114463 0.223923
-0.118408 -0.153813 -0.98098 -217.405 0.050607 0.985711 -0.160663 -23.4668 0.991675 -0.0686683 -0.108932 -0.0792214
-0.117991 -0.153925 -0.981012 -218.582 0.0537589 0.985474 -0.161091 -23.6717 0.991558 -0.0717453 -0.108002 -0.293898
-0.127809 -0.141217 -0.981694 -219.655 0.0836976 0.984745 -0.152553 -24.2475 0.988261 -0.101663 -0.114039 -0.157937
-0.126439 -0.144133 -0.981447 -220.893 0.0711392 0.985523 -0.153896 -24.4571 0.98942 -0.0892778 -0.114355 -0.246328
-0.128707 -0.145728 -0.980917 -222.137 0.0708781 0.985262 -0.155674 -24.5984 0.989147 -0.0895618 -0.116481 -0.337485
-0.130732 -0.14091 -0.981353 -223.43 0.0790887 0.985211 -0.152 -24.8989 0.988258 -0.0974852 -0.117654 -0.41968
-0.130909 -0.139587 -0.981518 -224.505 0.0755426 0.985755 -0.150265 -25.0821 0.988512 -0.0938176 -0.1185 -0.560101
-0.138029 -0.14155 -0.980261 -225.62 0.0763511 0.985269 -0.153024 -25.1488 0.987481 -0.0959658 -0.125188 -0.560012
-0.13934 -0.142764 -0.979899 -226.724 0.0692015 0.98573 -0.153454 -25.2697 0.987824 -0.0891927 -0.127472 -0.696821
-0.146717 -0.149448 -0.977824 -227.835 0.0601929 0.98534 -0.159628 -25.3456 0.987345 -0.0822782 -0.135571 -0.76424
-0.144095 -0.147108 -0.978568 -228.885 0.0654067 0.98531 -0.157752 -25.6629 0.9874 -0.0867362 -0.132356 -1.00868
-0.146758 -0.153249 -0.977229 -229.975 0.0731862 0.983536 -0.165229 -25.8677 0.986461 -0.0957684 -0.133127 -1.19537
-0.161271 -0.155796 -0.974535 -231.212 0.0772116 0.982443 -0.169837 -26.0687 0.983885 -0.102635 -0.14641 -1.14116
-0.166721 -0.152254 -0.974178 -231.889 0.0852256 0.982083 -0.168075 -26.2908 0.982314 -0.111046 -0.150758 -1.21695
-0.168863 -0.146852 -0.974638 -232.973 0.0850898 0.982975 -0.162851 -26.5313 0.98196 -0.110431 -0.153493 -1.39171
-0.171452 -0.148522 -0.973933 -234.123 0.0878041 0.982334 -0.16526 -26.6713 0.981272 -0.11385 -0.155382 -1.58893
-0.17339 -0.148137 -0.973648 -235.37 0.0879235 0.982347 -0.165118 -26.949 0.980921 -0.114236 -0.157305 -1.84883
-0.177416 -0.147287 -0.973052 -236.502 0.0916758 0.981965 -0.165351 -27.1297 0.979857 -0.118541 -0.160714 -1.99985
-0.186508 -0.139549 -0.972492 -237.669 0.095678 0.982576 -0.159345 -27.4046 0.977783 -0.122765 -0.169907 -2.10822
-0.188452 -0.136732 -0.972518 -238.857 0.100112 0.982427 -0.157525 -27.7421 0.976966 -0.127047 -0.171451 -2.34372
-0.190608 -0.140379 -0.971577 -240.22 0.0872926 0.983378 -0.15921 -27.904 0.977777 -0.115158 -0.175186 -2.53471
-0.188921 -0.145049 -0.971221 -241.541 0.0750193 0.984009 -0.161551 -28.0628 0.979123 -0.103381 -0.175018 -2.88559
-0.185739 -0.145158 -0.971818 -242.748 0.0629575 0.985238 -0.159195 -28.2434 0.98058 -0.090752 -0.173858 -3.18318
-0.183434 -0.144863 -0.9723 -243.436 0.061117 0.985488 -0.158359 -28.4622 0.98113 -0.0884724 -0.171919 -3.54634
-0.191614 -0.14391 -0.970863 -244.939 0.0794879 0.983667 -0.161496 -28.703 0.978246 -0.108117 -0.177045 -3.67152
-0.196399 -0.13978 -0.97051 -246.089 0.0921174 0.982779 -0.160188 -28.9722 0.976187 -0.120862 -0.180141 -3.8891
-0.195058 -0.140261 -0.970711 -247.278 0.089146 0.983089 -0.159963 -29.1592 0.976732 -0.117737 -0.179256 -4.15904
-0.197337 -0.141841 -0.97002 -248.404 0.0861398 0.983142 -0.161284 -29.3039 0.976544 -0.115385 -0.181792 -4.36746
-0.194916 -0.144228 -0.970158 -249.928 0.0743267 0.984113 -0.161235 -29.5169 0.978 -0.103536 -0.1811 -4.6654
-0.193015 -0.146212 -0.970241 -251.167 0.0688352 0.984381 -0.162037 -29.7356 0.978778 -0.0980622 -0.179936 -4.89788
-0.193667 -0.14761 -0.969899 -252.435 0.0720771 0.983804 -0.164118 -29.9342 0.978416 -0.101692 -0.179891 -5.0698
-0.196413 -0.144905 -0.969755 -253.612 0.0744234 0.983964 -0.162102 -30.1747 0.977693 -0.104011 -0.182479 -5.25049
-0.195959 -0.146554 -0.969599 -254.758 0.0663883 0.984518 -0.162226 -30.3436 0.978362 -0.0961598 -0.183196 -5.49455
-0.196363 -0.147687 -0.969345 -255.844 0.0666205 0.984298 -0.163461 -30.4433 0.978265 -0.096676 -0.183441 -5.6353
-0.197023 -0.148659 -0.969063 -257.218 0.0704028 0.98374 -0.165225 -30.664 0.977868 -0.100778 -0.183353 -5.82644
-0.196864 -0.143962 -0.969804 -258.254 0.0882369 0.982545 -0.163765 -30.9486 0.976452 -0.117812 -0.180725 -6.10381
-0.197857 -0.140558 -0.970101 -259.379 0.0910017 0.982758 -0.160952 -31.188 0.975998 -0.120126 -0.181654 -6.26688
-0.199432 -0.133165 -0.970821 -260.586 0.104151 0.982231 -0.156126 -31.4597 0.974361 -0.132248 -0.182019 -6.48493
-0.202964 -0.130747 -0.970418 -261.78 0.106717 0.982188 -0.154653 -31.6707 0.973354 -0.134949 -0.185396 -6.68634
-0.20755 -0.125603 -0.970127 -262.984 0.123988 0.980347 -0.153453 -31.9283 0.970335 -0.152133 -0.187897 -6.89481
-0.208836 -0.124275 -0.970022 -264.299 0.129616 0.979625 -0.15341 -32.2058 0.969323 -0.157768 -0.188473 -7.16151
-0.206602 -0.123393 -0.970613 -265.537 0.12332 0.980821 -0.150941 -32.3952 0.970622 -0.150881 -0.187423 -7.40929
-0.205776 -0.117725 -0.971492 -266.711 0.115636 0.982857 -0.143595 -32.6109 0.971743 -0.141888 -0.188636 -7.65982
-0.204575 -0.119415 -0.97154 -267.832 0.108448 0.983655 -0.14374 -32.8175 0.972825 -0.134767 -0.188281 -7.90779
-0.20128 -0.127709 -0.971173 -268.948 0.104536 0.983002 -0.150931 -33.0141 0.97394 -0.131902 -0.184509 -8.1844
-0.199645 -0.13027 -0.97117 -269.916 0.102789 0.982871 -0.15297 -33.3199 0.974462 -0.130365 -0.182835 -8.46286
-0.204278 -0.129324 -0.970333 -270.976 0.117269 0.980864 -0.155415 -33.452 0.971863 -0.145538 -0.185203 -8.6702
-0.20679 -0.127464 -0.970047 -272.372 0.120632 0.98059 -0.154565 -33.6188 0.97092 -0.148981 -0.1874 -8.77968
-0.208453 -0.126103 -0.969869 -273.552 0.126499 0.979847 -0.154589 -33.8248 0.969817 -0.154912 -0.188301 -8.98084
-0.204528 -0.128073 -0.970446 -274.824 0.126539 0.979626 -0.155954 -34.0008 0.970647 -0.154697 -0.184155 -9.28287
-0.202126 -0.126141 -0.971202 -275.819 0.127044 0.979914 -0.153712 -34.2342 0.971084 -0.154455 -0.182041 -9.58637
-0.201318 -0.124789 -0.971545 -277.264 0.126859 0.980177 -0.152184 -34.5328 0.971276 -0.153887 -0.181496 -9.76305
-0.204086 -0.122449 -0.971265 -278.52 0.139504 0.978383 -0.15266 -34.8199 0.968962 -0.166651 -0.182592 -9.96099
-0.204069 -0.121879 -0.97134 -279.633 0.140582 0.978287 -0.152286 -35.0659 0.96881 -0.16763 -0.182504 -10.2239
-0.203512 -0.11706 -0.972049 -281.062 0.139751 0.979188 -0.147178 -35.4623 0.969047 -0.165798 -0.182918 -10.4034
-0.200601 -0.117357 -0.972618 -282.32 0.136332 0.979795 -0.146341 -35.6575 0.970141 -0.161955 -0.180549 -10.6749
-0.20068 -0.115626 -0.972809 -283.445 0.1421 0.979073 -0.145684 -35.9407 0.969296 -0.167472 -0.18005 -10.9325
-0.20123 -0.11454 -0.972824 -284.577 0.140247 0.979539 -0.144341 -36.1408 0.969452 -0.165482 -0.181049 -11.1193
-0.206766 -0.115489 -0.97155 -285.856 0.150476 0.97744 -0.148214 -36.2511 0.966749 -0.176841 -0.184724 -11.2379
-0.204835 -0.113941 -0.972142 -287.034 0.155137 0.976867 -0.147183 -36.5279 0.966424 -0.180963 -0.182421 -11.5096
-0.20547 -0.11535 -0.971842 -288.136 0.162 0.975321 -0.150014 -36.798 0.965162 -0.188262 -0.181713 -11.7914
-0.203546 -0.115708 -0.972204 -289.181 0.163026 0.975124 -0.150187 -37.0832 0.965397 -0.189065 -0.179619 -12.0815
-0.208086 -0.119233 -0.970816 -290.711 0.153153 0.976328 -0.152737 -37.2301 0.966046 -0.180466 -0.184899 -12.0989
-0.208645 -0.119647 -0.970645 -292.057 0.151685 0.976519 -0.152977 -37.4519 0.966157 -0.179151 -0.185597 -12.3166
-0.20206 -0.113477 -0.972777 -293.059 0.1554 0.976966 -0.146245 -37.8073 0.966966 -0.18072 -0.179771 -12.7063
-0.209445 -0.114073 -0.971144 -294.18 0.155802 0.97659 -0.148314 -37.9343 0.965328 -0.182369 -0.186769 -12.7435
-0.211365 -0.114768 -0.970646 -295.476 0.158184 0.975974 -0.149844 -38.098 0.964522 -0.185212 -0.188133 -12.9291
-0.214139 -0.116347 -0.96985 -296.858 0.159481 0.975394 -0.152225 -38.3317 0.963696 -0.18727 -0.190314 -13.0735
-0.213751 -0.11704 -0.969852 -298.031 0.159981 0.9752 -0.152945 -38.5575 0.963699 -0.18785 -0.189726 -13.3319
-0.209616 -0.115456 -0.970943 -299.111 0.14804 0.977809 -0.148233 -38.8289 0.966512 -0.174811 -0.187872 -13.7035
-0.208742 -0.117737 -0.970858 -300.138 0.142553 0.978461 -0.149309 -38.9474 0.967526 -0.169565 -0.187462 -13.968
-0.205771 -0.117491 -0.971522 -301.278 0.148034 0.977605 -0.14958 -39.1447 0.967339 -0.174597 -0.18377 -14.2705
-0.205051 -0.116762 -0.971762 -302.435 0.148259 0.977696 -0.148759 -39.3678 0.967457 -0.174575 -0.183166 -14.5097
-0.204758 -0.122088 -0.971169 -303.486 0.146535 0.977186 -0.153739 -39.4462 0.967782 -0.173789 -0.182196 -14.7747
-0.2053 -0.123482 -0.970878 -304.795 0.132512 0.979367 -0.152583 -39.6493 0.969687 -0.159978 -0.184701 -15.0118
-0.204392 -0.124963 -0.97088 -306.032 0.133871 0.978931 -0.154182 -39.8288 0.969692 -0.161486 -0.183357 -15.2533
-0.210139 -0.123507 -0.969839 -307.265 0.136897 0.978499 -0.154272 -40.032 0.96804 -0.165187 -0.188713 -15.4229
