0.999941 -0.00153873 0.0107388 0.0228996 0.00153351 0.999999 0.000494864 0.00120648 -0.0107395 -0.000478367 0.999942 0.296043
0.999764 0.00866789 0.0199403 -0.0375514 -0.00910421 0.999719 0.0218956 -0.271649 -0.0197449 -0.0220719 0.999561 0.539363
0.999803 0.00782593 0.0182418 0.111607 -0.00818867 0.999769 0.0198963 -0.226511 -0.0180818 -0.0200418 0.999636 0.837238
0.999969 0.00705567 0.00344835 0.203985 -0.00711955 0.999796 0.018878 -0.217318 -0.00331446 -0.0189019 0.999816 0.719527
0.999904 -0.0134521 -0.00328733 0.179584 0.013447 0.999908 -0.00156416 -0.0644807 0.00330807 0.0015198 0.999993 1.0476
0.999837 -0.00990229 -0.0150641 0.224602 0.00986137 0.999947 -0.00278831 -0.0262536 0.0150909 0.0026393 0.999883 1.52456
0.999397 -0.00727306 -0.0339533 0.163182 0.00732032 0.999972 0.00126768 -0.0928347 0.0339431 -0.00151547 0.999423 1.67011
0.998488 0.00231281 -0.0549181 0.0943629 -0.0024865 0.999992 -0.0030947 -0.00535334 0.0549105 0.00322657 0.998486 1.93742
0.996 0.00762572 -0.0890233 0.289032 -0.0090297 0.999841 -0.0153789 0.137845 0.0888919 0.0161212 0.995911 2.38562
0.993766 0.00364663 -0.111429 0.273128 -0.00517763 0.999896 -0.0134534 0.0692045 0.111369 0.0139464 0.993681 2.77708
0.991161 0.00328013 -0.132626 0.225022 -0.00525174 0.999881 -0.0145189 0.104988 0.132563 0.015087 0.99106 3.14474
0.988757 0.00272201 -0.149505 0.0838282 -0.00478738 0.999898 -0.0134565 0.0917405 0.149453 0.014021 0.988669 3.52095
0.985915 0.00176256 -0.167239 -0.0180906 -0.00394088 0.999912 -0.0126942 0.0712087 0.167202 0.0131744 0.985835 3.95267
0.982583 0.00198056 -0.185815 -0.0602468 -0.00404498 0.999934 -0.0107316 0.0555376 0.185781 0.0112963 0.982526 4.38863
0.978871 -0.00172133 -0.204474 -0.0956342 8.46598e-05 0.999968 -0.00801278 0.016915 0.204481 0.00782617 0.978839 4.8615
0.975215 -0.00447526 -0.221215 -0.111377 0.00299513 0.999971 -0.0070259 -0.0107645 0.22124 0.00618919 0.9752 5.30639
0.972313 -0.0289515 -0.231884 -0.116382 0.028513 0.99958 -0.00524309 0.0880679 0.231938 -0.00151378 0.972729 5.65761
0.970611 -0.025706 -0.239276 -0.207927 0.0242908 0.999666 -0.00886209 0.0875047 0.239424 0.00278943 0.970911 6.15057
0.96628 -0.0269018 -0.256086 -0.0220726 0.02507 0.999631 -0.0104156 0.129253 0.256272 0.00364428 0.966598 6.52137
0.966882 -0.00108154 -0.25522 -1.02528 -0.00468367 0.999747 -0.0219803 0.00292902 0.25518 0.0224478 0.966633 7.58531
0.965235 -0.00151642 -0.261379 -1.19516 -0.00458637 0.999731 -0.0227369 -0.112059 0.261343 0.0231452 0.964968 7.88709
0.964135 0.00170491 -0.265408 -1.59071 -0.00990642 0.999514 -0.0295659 -0.147278 0.265229 0.0311348 0.963683 8.57189
0.959203 -0.0247408 -0.281634 -1.48564 0.019155 0.999562 -0.0225699 -0.0212728 0.282069 0.0162544 0.959257 9.00987
0.953752 -0.0377424 -0.298217 -0.836399 0.0330568 0.999238 -0.0207422 0.0362265 0.298772 0.00992485 0.954273 8.92258
0.949513 -0.0507786 -0.30959 -1.19287 0.0455822 0.998672 -0.0240005 0.135078 0.310398 0.00867697 0.950567 9.74113
0.947169 -0.0478065 -0.317152 -1.53678 0.041086 0.998767 -0.0278487 0.103963 0.318092 0.0133469 0.947966 10.4421
0.94509 -0.0388517 -0.324492 -1.83493 0.0295215 0.998998 -0.0336289 0.0191251 0.325474 0.0222029 0.94529 11.095
0.942145 -0.0437548 -0.332337 -2.01784 0.0336112 0.998779 -0.0362123 0.0840159 0.333516 0.022947 0.942465 11.6106
0.940088 -0.0334049 -0.339291 -2.11529 0.0207965 0.998954 -0.0407301 0.00242926 0.340297 0.0312338 0.939799 11.9935
0.936673 -0.0379749 -0.34814 -2.34523 0.0225474 0.99858 -0.0482606 0.00324019 0.349478 0.0373548 0.9362 12.6488
0.935191 -0.0377879 -0.352123 -2.59585 0.0184425 0.998138 -0.058134 0.0502162 0.353664 0.0478724 0.934147 13.2047
0.934223 -0.0353809 -0.354929 -2.855 0.012162 0.997649 -0.067438 0.00506716 0.356481 0.0586856 0.932458 13.8038
0.931931 -0.0382833 -0.360609 -3.1348 0.0114746 0.997027 -0.076193 -0.0553342 0.362454 0.0668687 0.9296 14.5229
0.930562 -0.0344644 -0.364507 -3.39412 0.00290001 0.996222 -0.0867899 -0.0683576 0.366122 0.0797063 0.927147 15.0853
0.927764 -0.00621583 -0.373115 -3.87354 -0.0290124 0.995633 -0.088727 -0.496854 0.372037 0.0931427 0.923533 16.1889
0.92482 -0.00905849 -0.380297 -4.09792 -0.0293784 0.99503 -0.0951445 -0.51162 0.379269 0.0991641 0.919957 16.8531
0.921446 -0.0213915 -0.387918 -4.02331 -0.0188468 0.994846 -0.0996282 -0.373506 0.38805 0.099113 0.916294 17.2994
0.920146 -0.0138953 -0.391328 -4.35535 -0.0299185 0.993954 -0.105642 -0.487996 0.39043 0.108914 0.914167 17.8482
0.916913 -0.0170311 -0.398724 -4.57081 -0.0308062 0.993088 -0.113261 -0.463182 0.397896 0.116134 0.91005 18.5239
0.915148 -0.0166523 -0.402774 -4.48197 -0.0317367 0.993069 -0.113167 -0.484718 0.401867 0.116347 0.908277 18.6708
0.912609 -0.0103647 -0.408703 -4.89902 -0.0396332 0.992727 -0.113674 -0.611849 0.406908 0.119938 0.905561 19.4847
0.910354 -0.00911565 -0.413729 -5.29233 -0.0409151 0.992876 -0.111904 -0.711572 0.411802 0.1188 0.903496 20.1907
0.912409 -0.00567247 -0.40924 -6.31423 -0.0427449 0.993115 -0.109066 -0.846396 0.407041 0.117006 0.905885 21.1055
0.909592 0.00473577 -0.415475 -6.51239 -0.0553225 0.992412 -0.109805 -0.902051 0.411802 0.122863 0.902953 21.5152
0.906239 0.00937925 -0.422661 -6.97951 -0.0588606 0.992816 -0.104173 -1.01945 0.418648 0.119284 0.900281 22.3391
0.901737 0.00895944 -0.432192 -7.28931 -0.0571479 0.993481 -0.0986397 -1.06751 0.428491 0.113646 0.89637 23.0575
0.898304 0.00905005 -0.439282 -7.81662 -0.055273 0.994173 -0.0925477 -1.1825 0.435885 0.107416 0.893569 23.8893
0.893255 0.00756479 -0.449487 -8.03568 -0.0533741 0.994571 -0.0893306 -1.26148 0.446371 0.103786 0.888809 24.6179
0.88907 0.0135911 -0.457569 -8.50404 -0.0604451 0.994293 -0.0879132 -1.39539 0.453763 0.105819 0.884817 25.4034
0.883698 0.0176461 -0.467724 -8.63711 -0.0655538 0.994106 -0.0863494 -1.50305 0.463443 0.106968 0.879647 26.0274
0.878409 0.0186749 -0.477544 -8.69398 -0.066528 0.994285 -0.0834911 -1.60379 0.473256 0.105109 0.874632 26.5461
0.873824 0.0147424 -0.486018 -9.16933 -0.0620594 0.994747 -0.0814045 -1.6245 0.482265 0.101295 0.870149 27.3245
0.869699 0.0215485 -0.493112 -9.58537 -0.068642 0.994619 -0.0775995 -1.73343 0.488787 0.101336 0.866498 28.0393
0.863756 0.0112102 -0.503785 -10.0015 -0.0515348 0.996476 -0.0661846 -1.81983 0.501268 0.0831299 0.86129 28.916
0.862567 0.0170902 -0.505654 -11.0175 -0.0558036 0.996545 -0.0615109 -1.97074 0.502856 0.0812746 0.860541 29.8919
0.859822 0.0178357 -0.510282 -11.5892 -0.0561202 0.996636 -0.0597272 -2.04548 0.5075 0.0799919 0.857931 30.6715
0.856294 0.0210849 -0.516058 -11.9343 -0.0596461 0.996518 -0.0582552 -2.15077 0.513033 0.0806645 0.85457 31.39
0.852755 0.0173574 -0.522022 -12.4975 -0.052974 0.997168 -0.0533802 -2.28129 0.519617 0.0731739 0.85126 32.1651
0.849892 0.0206042 -0.526553 -13.038 -0.0569735 0.996971 -0.0529473 -2.38584 0.523867 0.0749991 0.848492 32.9012
0.848744 0.0203317 -0.528412 -13.7713 -0.0570158 0.996954 -0.05322 -2.45789 0.52572 0.075298 0.847318 33.7093
0.842927 0.00737334 -0.537978 -14.275 -0.0402666 0.997966 -0.0494136 -2.54094 0.53652 0.0633146 0.841509 34.694
0.842034 0.0190252 -0.539089 -14.9047 -0.0600126 0.996478 -0.05857 -2.45911 0.536076 0.0816701 0.84021 35.5703
0.842833 0.0193428 -0.537828 -15.7195 -0.0601335 0.996481 -0.0583974 -2.50806 0.534805 0.0815607 0.84103 36.5497
0.839171 0.0243796 -0.543321 -15.6756 -0.0637276 0.996521 -0.0537134 -2.65592 0.540121 0.0796992 0.837805 37.096
0.844241 0.0411907 -0.534378 -17.024 -0.0832632 0.995017 -0.0548465 -2.75338 0.529456 0.0907977 0.843464 38.1742
0.842186 0.0388838 -0.537784 -17.3244 -0.0837732 0.994721 -0.0592693 -2.65227 0.53264 0.0949676 0.840997 39.0077
0.845296 0.046107 -0.532305 -18.5222 -0.0927143 0.993813 -0.0611479 -2.76349 0.526192 0.10104 0.844341 40.052
0.842646 0.0403053 -0.536957 -19.0634 -0.0834331 0.994925 -0.05625 -2.86363 0.531965 0.0921989 0.841732 41.0434
0.840303 0.0444086 -0.540296 -19.6429 -0.0873764 0.994703 -0.0541356 -2.95581 0.53503 0.0926993 0.839732 42.007
0.836752 0.0481145 -0.545463 -19.8251 -0.0907888 0.994535 -0.0515455 -3.01606 0.540002 0.0926528 0.836548 42.7274
0.830902 0.0410611 -0.554902 -20.339 -0.0832857 0.995216 -0.0510679 -2.97873 0.55015 0.0886478 0.830347 43.6808
0.827688 0.0349834 -0.560097 -21.6545 -0.0787725 0.995416 -0.0542335 -2.99788 0.555632 0.0890086 0.82665 44.7672
0.820816 0.0293965 -0.570436 -22.5593 -0.0774157 0.995185 -0.0601101 -2.95066 0.565923 0.0935 0.819139 45.98
0.814168 0.028148 -0.579946 -23.0362 -0.0768655 0.995258 -0.0596038 -2.992 0.575518 0.0931054 0.812472 46.7195
0.808019 0.0297616 -0.588404 -23.7524 -0.0763534 0.995591 -0.0544943 -3.04194 0.584187 0.0889591 0.806729 47.6181
0.803268 0.0330121 -0.594703 -24.5594 -0.0776655 0.995743 -0.0496292 -3.10326 0.590533 0.0860534 0.802412 48.5439
0.798289 0.0305887 -0.601498 -25.1651 -0.074196 0.996097 -0.0478149 -3.22507 0.597687 0.0827988 0.797442 49.3382
0.794885 0.0293024 -0.606051 -25.6738 -0.0758874 0.995791 -0.0513862 -3.33076 0.601995 0.0868378 0.793764 50.1153
0.794355 0.0238228 -0.606986 -26.3967 -0.0764298 0.99521 -0.0609631 -3.30516 0.602626 0.0948182 0.792371 50.8603
0.791188 0.0291414 -0.610879 -27.1291 -0.0863996 0.994172 -0.0644755 -3.3086 0.605439 0.103792 0.789095 51.8731
0.789417 0.0340794 -0.61291 -27.8823 -0.0897361 0.994138 -0.0603018 -3.42395 0.607263 0.102603 0.787848 52.6971
0.786501 0.0376815 -0.616438 -28.53 -0.0907373 0.994356 -0.0549871 -3.51621 0.610887 0.0991814 0.785481 53.534
0.788031 0.0557062 -0.61311 -29.4273 -0.112072 0.992238 -0.0538928 -3.66718 0.605349 0.111182 0.788157 54.3782
0.787092 0.0529809 -0.614556 -30.1438 -0.108193 0.992717 -0.0529863 -3.7492 0.607273 0.108196 0.787092 55.1112
0.781705 0.0536545 -0.621337 -30.5255 -0.10989 0.992554 -0.0525418 -3.84081 0.613891 0.109351 0.78178 55.8281
0.778337 0.0539332 -0.625526 -31.277 -0.112624 0.992137 -0.0545951 -3.94949 0.617662 0.112943 0.778291 56.6563
0.775971 0.0497289 -0.628805 -32.0137 -0.104997 0.993163 -0.0510265 -4.10326 0.621968 0.105618 0.775887 57.4472
0.772169 0.0441616 -0.633881 -32.8818 -0.0975362 0.993997 -0.0495645 -4.08823 0.627887 0.100098 0.771841 58.4011
0.76662 0.046632 -0.640405 -33.5564 -0.100629 0.993761 -0.0480992 -4.14633 0.634167 0.101317 0.766529 59.215
0.761083 0.0438766 -0.647168 -34.2722 -0.0985827 0.993944 -0.048548 -4.21713 0.641119 0.100749 0.7608 60.0581
0.756685 0.0491146 -0.651932 -34.7457 -0.107661 0.992922 -0.0501567 -4.29716 0.644854 0.108141 0.756617 60.5757
0.753086 0.0466753 -0.656264 -35.3885 -0.103904 0.9934 -0.0485803 -4.37931 0.649666 0.104774 0.752965 61.2826
0.747603 0.043924 -0.662691 -36.0702 -0.101378 0.993665 -0.048506 -4.45355 0.656363 0.103445 0.74732 62.0349
0.738451 0.0286182 -0.6737 -36.8804 -0.0810067 0.995628 -0.0464991 -4.43426 0.669424 0.0889115 0.737541 63.1223
0.732535 0.0281722 -0.680146 -37.6316 -0.0815771 0.995576 -0.0466231 -4.48781 0.675823 0.0896374 0.731593 63.8892
0.723428 0.0216501 -0.69006 -37.6935 -0.0678335 0.996901 -0.0398365 -4.61034 0.687059 0.075628 0.722655 64.6353
0.716313 0.0179109 -0.697549 -38.6549 -0.063538 0.997192 -0.0396424 -4.57682 0.69488 0.0727173 0.715439 65.5701
0.710057 0.0140537 -0.704004 -39.8215 -0.0572045 0.997647 -0.0377807 -4.70308 0.701817 0.0670987 0.70919 66.382
0.704467 0.0158684 -0.709559 -40.8846 -0.0639432 0.997103 -0.0411854 -4.76223 0.70685 0.0743852 0.703441 67.267
0.702445 0.0267541 -0.711235 -42.4418 -0.0811345 0.995789 -0.0426739 -4.91401 0.707098 0.0876818 0.701658 68.2233
0.691967 0.017029 -0.721728 -42.3943 -0.0676575 0.996851 -0.0413471 -4.77305 0.718752 0.0774412 0.69094 68.8484
0.690233 0.0174147 -0.723378 -44.1241 -0.0705649 0.996565 -0.0433402 -4.84891 0.720139 0.0809599 0.689091 69.8474
0.688439 0.0203246 -0.72501 -45.1527 -0.076892 0.996019 -0.0450914 -4.96582 0.721207 0.0867901 0.687261 70.5485
0.684869 0.0183549 -0.728435 -45.9579 -0.0798115 0.995558 -0.0499524 -4.98237 0.724282 0.0923483 0.683291 71.2334
0.680798 0.00722861 -0.732435 -46.5677 -0.0669996 0.996374 -0.0524426 -4.926 0.7294 0.0847757 0.678814 71.9444
0.675004 0.00693248 -0.737782 -47.2713 -0.0679107 0.996295 -0.0527705 -4.98494 0.734682 0.0857236 0.672973 72.6805
0.671204 0.00953669 -0.741211 -48.4718 -0.072771 0.995935 -0.0530837 -5.07903 0.737692 0.0895687 0.669169 73.5066
0.665075 0.00683068 -0.746745 -49.0707 -0.06802 0.996356 -0.0514669 -5.1363 0.743672 0.085023 0.663116 74.2448
0.661752 0.00795623 -0.749681 -50.3593 -0.0712009 0.996091 -0.0522785 -5.24549 0.746334 0.0879733 0.659731 75.1136
0.655747 -0.0263993 -0.754519 -52.0995 -0.014656 0.998755 -0.0476821 -5.03186 0.754838 0.0423256 0.654544 76.0368
0.650413 -0.0308605 -0.758954 -52.9227 -0.00733507 0.998873 -0.0469021 -5.04131 0.759546 0.0360727 0.649453 76.7842
0.646276 -0.0323667 -0.762417 -53.8764 -0.00862456 0.998726 -0.0497094 -5.01074 0.763055 0.0387015 0.645174 77.608
0.641243 -0.0366885 -0.76646 -54.568 -0.00377936 0.998693 -0.0509668 -5.00831 0.767328 0.0355788 0.640267 78.3057
0.637308 -0.0436412 -0.769372 -55.3572 0.00304401 0.99853 -0.0541182 -5.05511 0.770603 0.032148 0.636504 79.0111
0.633785 -0.0511367 -0.771817 -56.6579 0.0103136 0.998282 -0.057672 -5.01002 0.773441 0.0285914 0.633223 79.8394
0.626865 -0.0532572 -0.777305 -57.7114 0.0135318 0.998255 -0.0574827 -5.1743 0.77901 0.0255156 0.626492 80.6669
0.617675 -0.053194 -0.784632 -58.6493 0.0127068 0.998255 -0.0576735 -5.3597 0.786331 0.0256533 0.617273 81.4988
0.609898 -0.0514714 -0.790807 -59.3051 0.00853639 0.998257 -0.0583902 -5.44988 0.792434 0.0288614 0.609274 82.0723
0.605092 -0.0591624 -0.793955 -61.0368 0.021469 0.998085 -0.0580114 -5.47158 0.795866 0.0180568 0.605203 82.7674
0.595756 -0.0568998 -0.801148 -61.8429 0.0219431 0.998268 -0.0545824 -5.623 0.802866 0.0149381 0.595972 83.354
0.581043 -0.0689538 -0.810947 -62.684 0.0367699 0.997611 -0.05848 -5.48021 0.813042 0.00416092 0.58219 84.1665
0.573779 -0.0680458 -0.816178 -63.655 0.0327376 0.997652 -0.0601607 -5.60771 0.818355 0.00779926 0.57466 84.741
0.565206 -0.0649101 -0.822392 -64.7663 0.0239186 0.99777 -0.0623139 -5.76186 0.824603 0.0155497 0.565498 85.4365
0.553225 -0.0661328 -0.830403 -65.7434 0.0285915 0.997764 -0.0604134 -5.8474 0.832541 0.0096797 0.553878 86.2027
0.543326 -0.066591 -0.836877 -66.9067 0.03144 0.997764 -0.0589811 -5.94594 0.838933 0.00573455 0.544204 86.8657
0.53194 -0.0666491 -0.844155 -67.7968 0.0305849 0.997759 -0.0595038 -6.01456 0.84623 0.00583403 0.532786 87.5517
0.523581 -0.0649284 -0.849498 -69.1187 0.0227435 0.997802 -0.0622457 -6.17419 0.851672 0.0132701 0.523906 88.2014
0.512657 -0.0672549 -0.855955 -70.1121 0.0224277 0.997636 -0.0649546 -6.2009 0.8583 0.0141024 0.512954 88.8344
0.501282 -0.0653262 -0.862815 -70.8798 0.0157401 0.997669 -0.0663917 -6.32171 0.865141 0.0197002 0.501142 89.5225
0.489438 -0.0629429 -0.869764 -72.0177 0.00672762 0.997635 -0.0684108 -6.4524 0.872012 0.0276314 0.488703 90.207
0.481889 -0.0602356 -0.874159 -73.1354 0.00467328 0.997797 -0.0661788 -6.55847 0.87622 0.0278057 0.481109 90.7924
0.472532 -0.0653762 -0.878885 -74.2038 0.016878 0.997733 -0.0651423 -6.52328 0.881152 0.015948 0.472564 91.4022
0.464195 -0.0651239 -0.883336 -75.2553 0.020332 0.997814 -0.0628793 -6.64743 0.8855 0.0112282 0.464504 91.9742
0.452583 -0.07533 -0.888535 -76.3649 0.0314365 0.997154 -0.0685263 -6.62151 0.891168 0.00308141 0.453663 92.6463
0.44369 -0.0829203 -0.892336 -77.6396 0.0410955 0.996545 -0.0721703 -6.72523 0.895237 -0.00464971 0.445565 93.3762
0.448011 -0.0813654 -0.890318 -78.6505 0.0279765 0.996638 -0.0770041 -6.90033 0.89359 0.00959065 0.448781 93.6723
0.445282 -0.0805281 -0.891762 -79.842 0.0254686 0.996684 -0.0772856 -7.06378 0.895028 0.011702 0.445856 94.209
0.435982 -0.0929163 -0.895146 -81.1181 0.0235784 0.995494 -0.0918486 -6.89932 0.899647 0.0189382 0.436208 94.9271
0.435893 -0.0914115 -0.895344 -82.4476 0.0255357 0.995684 -0.089224 -7.02142 0.899636 0.0160289 0.436346 95.4295
0.432076 -0.0904803 -0.897287 -83.5256 0.0299756 0.995845 -0.0859843 -7.14151 0.901339 0.010255 0.432993 95.9714
0.428111 -0.0916133 -0.899071 -84.8294 0.0297588 0.995738 -0.0872932 -7.22781 0.903236 0.0106159 0.429013 96.5965
0.427251 -0.093866 -0.899247 -86.2662 0.0340417 0.995561 -0.0877456 -7.31316 0.903492 0.0068775 0.42855 97.1477
0.423826 -0.0998022 -0.900228 -87.54 0.0466987 0.994997 -0.0883229 -7.3702 0.904539 -0.00460591 0.426366 97.689
0.41874 -0.100969 -0.902475 -88.434 0.0491709 0.994863 -0.08849 -7.45636 0.906774 -0.00732117 0.421554 98.2216
0.421575 -0.102789 -0.900949 -89.6962 0.0511278 0.994668 -0.0895581 -7.55964 0.905351 -0.00830812 0.424583 98.5692
0.411057 -0.100753 -0.906025 -90.3762 0.0494532 0.994875 -0.0881964 -7.63862 0.910267 -0.00855201 0.413933 99.2741
0.413114 -0.0938513 -0.90583 -91.515 0.043024 0.995576 -0.083528 -7.88086 0.909662 -0.0044659 0.415324 99.7344
0.411158 -0.087039 -0.907399 -92.6409 0.0365093 0.996205 -0.0790144 -8.13459 0.910833 -0.000641113 0.412775 100.234
0.408802 -0.0845138 -0.908701 -93.8109 0.0425287 0.996385 -0.0735363 -8.42603 0.911632 -0.0085841 0.410919 100.818
0.409811 -0.0942537 -0.907288 -94.9795 0.050678 0.995464 -0.0805232 -8.38558 0.910762 -0.0129803 0.412728 101.221
0.422272 -0.076375 -0.903246 -96.3092 0.0424365 0.997017 -0.0644647 -8.92569 0.905475 -0.011109 0.424253 101.517
0.414561 -0.0817503 -0.906342 -96.9983 0.0385088 0.996641 -0.0722812 -8.74413 0.909206 -0.00493712 0.416317 102.117
0.419026 -0.0793149 -0.904503 -97.9832 0.0303531 0.996844 -0.0733506 -8.8736 0.907467 0.00328133 0.420111 102.548
0.410044 -0.0610756 -0.910019 -98.3868 0.0235366 0.998132 -0.056384 -9.38391 0.911762 0.0017012 0.410715 103.137
0.408333 -0.0622423 -0.910709 -99.1819 0.0204178 0.998046 -0.0590566 -9.41047 0.912605 0.00552012 0.408806 103.688
0.402811 -0.0610932 -0.913242 -99.998 0.0223589 0.998129 -0.0569099 -9.55484 0.91501 0.00250486 0.403424 104.405
0.387849 -0.0718189 -0.918921 -100.324 0.0266859 0.997417 -0.0666905 -9.31442 0.921336 0.00134367 0.388764 105.019
0.377713 -0.0695618 -0.923306 -100.672 0.0255154 0.997577 -0.0647193 -9.38348 0.925571 0.000886774 0.378573 105.713
0.379087 -0.0691758 -0.922772 -101.52 0.0234726 0.9976 -0.0651424 -9.42711 0.925063 0.0030348 0.379801 106.191
0.379242 -0.0625393 -0.923182 -102.304 0.0205195 0.998036 -0.0591809 -9.60954 0.92507 0.00350067 0.379781 106.817
0.354181 -0.0759337 -0.932089 -103.028 0.0179803 0.997067 -0.0743949 -9.44681 0.935004 0.00959003 0.354508 107.986
0.357489 -0.0816442 -0.930342 -103.837 0.0128229 0.996507 -0.0825234 -9.42398 0.933829 0.0175715 0.357287 108.501
0.360772 -0.0708863 -0.929956 -104.657 0.0080969 0.997308 -0.072879 -9.7156 0.932619 0.0187629 0.360374 109.035
0.366449 -0.0763084 -0.927304 -105.567 0.00712142 0.996832 -0.0792157 -9.70525 0.930411 0.0224247 0.365831 109.533
0.375035 -0.0807904 -0.923484 -106.527 0.0057237 0.996378 -0.0848431 -9.67137 0.926993 0.0265334 0.374139 110.03
0.392467 -0.0918793 -0.915166 -107.596 0.0175554 0.995565 -0.0924225 -9.68385 0.919599 0.0202066 0.392339 110.313
0.404182 -0.0840085 -0.910813 -108.766 0.0119112 0.996172 -0.0865959 -9.89606 0.914601 0.0241517 0.403636 111.006
0.410902 -0.099326 -0.906253 -109.717 0.0486495 0.99502 -0.0869969 -10.2348 0.910381 -0.0083415 0.413688 111.413
0.418737 -0.10178 -0.902386 -110.865 0.0545576 0.994724 -0.0868785 -10.46 0.906467 -0.0128528 0.422081 112.129
0.431909 -0.105734 -0.895698 -111.78 0.0625325 0.994225 -0.0872111 -10.5722 0.899747 -0.0183431 0.436026 112.495
0.455493 -0.10662 -0.883831 -112.823 0.0652567 0.99413 -0.0862954 -10.6824 0.887844 -0.0183689 0.459777 112.815
0.465834 -0.101411 -0.879042 -113.745 0.0581754 0.994772 -0.0839336 -10.7803 0.882958 -0.0120395 0.469298 113.384
0.473162 -0.11821 -0.873008 -114.582 0.0831865 0.992524 -0.089307 -10.8995 0.877039 -0.0303658 0.479459 113.764
0.484604 -0.118239 -0.866705 -115.473 0.0796891 0.99267 -0.0908667 -10.9697 0.871096 -0.0250326 0.490474 114.298
0.494194 -0.11996 -0.861036 -116.315 0.0837 0.992398 -0.0902211 -11.0948 0.865313 -0.027482 0.500478 114.748
0.503936 -0.11813 -0.855625 -117.151 0.0816407 0.992683 -0.0889693 -11.1975 0.859874 -0.0250189 0.509893 115.252
0.514749 -0.11814 -0.849162 -117.207 0.0836503 0.992655 -0.0873965 -11.2438 0.85325 -0.0260454 0.520851 115.048
0.525471 -0.116092 -0.842854 -118.491 0.0836572 0.992897 -0.0846024 -11.4032 0.846689 -0.0260548 0.53145 115.879
0.536422 -0.115395 -0.836024 -119.305 0.085744 0.992934 -0.0820367 -11.4869 0.839583 -0.0276778 0.542526 116.365
0.54411 -0.115781 -0.830987 -119.874 0.087944 0.992847 -0.0807493 -11.5915 0.834392 -0.0291438 0.5504 116.814
0.556145 -0.110778 -0.823669 -121.006 0.0815277 0.993568 -0.0785809 -11.7824 0.827077 -0.0234495 0.5616 117.476
0.560456 -0.0970776 -0.822475 -121.204 0.065062 0.995198 -0.0731293 -11.9414 0.825625 -0.0125261 0.56408 117.94
0.565893 -0.0978923 -0.818647 -121.804 0.0689926 0.995066 -0.0712968 -11.9741 0.821587 -0.0161342 0.569854 118.441
0.574775 -0.0925517 -0.813061 -122.53 0.0648546 0.99561 -0.0674841 -12.0534 0.815737 -0.0139425 0.578255 118.891
0.579246 -0.097113 -0.809348 -123.321 0.0764894 0.994973 -0.0646429 -12.2447 0.811556 -0.0244624 0.583762 119.643
0.584121 -0.0960614 -0.805962 -123.988 0.0760269 0.995082 -0.0635018 -12.3372 0.808098 -0.0241821 0.588551 120.348
0.591553 -0.0943301 -0.800729 -124.69 0.075961 0.995235 -0.0611265 -12.4277 0.80268 -0.0246647 0.5959 120.923
0.602727 -0.0890975 -0.792958 -125.315 0.0745605 0.995687 -0.055203 -12.5785 0.794456 -0.025851 0.606771 121.369
0.610671 -0.0837343 -0.787445 -126.004 0.0716118 0.996159 -0.0503925 -12.6646 0.78864 -0.0256171 0.614322 122.079
0.622896 -0.0815087 -0.778047 -126.734 0.0700321 0.996374 -0.0483139 -12.7354 0.779164 -0.0243937 0.626346 122.666
0.633441 -0.0959476 -0.76782 -127.558 0.0866499 0.994837 -0.052831 -12.6953 0.768924 -0.0330662 0.638484 123.248
0.644516 -0.102118 -0.75774 -128.128 0.0905058 0.994263 -0.0570117 -12.695 0.759215 -0.0318349 0.650061 123.793
0.656965 -0.102079 -0.746979 -128.874 0.0912581 0.994273 -0.0556115 -12.7681 0.748378 -0.031633 0.662518 124.448
0.67393 -0.106795 -0.731036 -129.411 0.101989 0.993472 -0.0511116 -12.8638 0.731722 -0.0401123 0.680422 124.531
0.687477 -0.101076 -0.719138 -130.325 0.0996886 0.994027 -0.0444119 -13.0623 0.719332 -0.0411577 0.693447 125.324
0.697258 -0.112071 -0.708005 -130.911 0.115987 0.992326 -0.0428508 -12.9714 0.707374 -0.0522413 0.704906 125.882
0.709908 -0.113077 -0.695158 -131.782 0.118922 0.9921 -0.0399338 -12.9901 0.694182 -0.0543202 0.717747 126.604
0.71805 -0.11021 -0.687211 -132.671 0.119352 0.992255 -0.0344222 -13.1862 0.685682 -0.0573034 0.725642 127.654
0.727843 -0.112344 -0.676479 -133.456 0.12241 0.99193 -0.0330276 -13.215 0.67473 -0.0587688 0.735721 128.356
0.736826 -0.105776 -0.667757 -134.272 0.115183 0.992886 -0.0301813 -13.343 0.666198 -0.054676 0.743768 129.295
0.746361 -0.102055 -0.65767 -134.765 0.111306 0.993396 -0.0278348 -13.4176 0.656168 -0.052428 0.752791 129.841
0.755524 -0.104181 -0.646784 -135.465 0.113805 0.993135 -0.0270315 -13.3966 0.64516 -0.0531841 0.762194 130.698
0.763606 -0.10134 -0.63768 -135.991 0.108811 0.993679 -0.0276175 -13.3462 0.636448 -0.0482978 0.769806 131.405
0.771089 -0.10397 -0.628181 -136.607 0.1123 0.993319 -0.0265565 -13.3674 0.626746 -0.0500675 0.777614 132.11
0.776516 -0.106261 -0.621073 -137.045 0.114797 0.993039 -0.026372 -13.3863 0.619552 -0.0508193 0.783309 132.766
0.783637 -0.105227 -0.612242 -137.618 0.114004 0.993171 -0.0247802 -13.4563 0.610668 -0.050379 0.790282 133.458
0.787674 -0.107121 -0.606708 -138.209 0.116649 0.992886 -0.0238628 -13.4514 0.604948 -0.0519759 0.794567 134.236
0.792141 -0.10453 -0.60132 -138.848 0.115909 0.99306 -0.0199362 -13.4906 0.599231 -0.0539062 0.798759 135.017
0.795286 -0.103008 -0.597419 -139.31 0.118187 0.992895 -0.0138649 -13.4935 0.594603 -0.0595809 0.801809 135.708
0.799962 -0.101838 -0.591346 -140.166 0.118662 0.99288 -0.0104626 -13.524 0.588201 -0.0618009 0.80635 136.599
0.805579 -0.0966686 -0.584549 -140.723 0.114309 0.993422 -0.0067534 -13.5226 0.581357 -0.0613789 0.81133 137.385
0.809319 -0.0969688 -0.57931 -141.175 0.116644 0.993168 -0.0032871 -13.521 0.575671 -0.0649127 0.815101 138.103
0.815851 -0.0900235 -0.571212 -141.771 0.112203 0.993679 0.00365346 -13.649 0.567272 -0.0670726 0.820795 138.853
0.820583 -0.0895064 -0.564475 -142.299 0.112605 0.993621 0.00614012 -13.6511 0.560325 -0.0686009 0.825427 139.623
0.826219 -0.0816769 -0.557396 -142.677 0.104937 0.99443 0.00983022 -13.7094 0.553489 -0.0666137 0.830188 140.348
0.831379 -0.0833296 -0.549422 -143.172 0.106894 0.99421 0.0109619 -13.7194 0.545327 -0.0678436 0.835473 141.107
0.836583 -0.0820009 -0.541669 -143.503 0.104891 0.994418 0.0114587 -13.7019 0.537706 -0.0664024 0.840514 141.797
0.842714 -0.0732795 -0.533351 -143.766 0.0953135 0.995351 0.013843 -13.7645 0.529857 -0.0625012 0.84578 142.452
0.847487 -0.0832204 -0.524252 -144.065 0.105521 0.994336 0.0127387 -13.6507 0.520222 -0.0661152 0.851468 143.156
0.852263 -0.0972691 -0.51399 -144.561 0.120073 0.992701 0.0112352 -13.5152 0.509146 -0.0712918 0.857722 144.017
0.861038 -0.0925355 -0.50005 -145.009 0.114676 0.993309 0.013647 -13.4846 0.495442 -0.0690944 0.865889 144.896
0.871023 -0.085682 -0.483712 -145.397 0.108342 0.993931 0.0190334 -13.5594 0.479146 -0.0689851 0.87502 145.87
0.881444 -0.0807526 -0.465334 -146.182 0.103137 0.994406 0.0227986 -13.5269 0.46089 -0.068089 0.884841 147.229
0.887772 -0.0795188 -0.453363 -145.268 0.103808 0.994177 0.0288995 -13.8402 0.448425 -0.0727189 0.890857 146.72
0.897853 -0.0799007 -0.432985 -145.923 0.104862 0.993904 0.0340354 -13.819 0.427626 -0.0759624 0.900758 147.913
0.906823 -0.0764325 -0.414525 -146.231 0.102312 0.993925 0.0405539 -13.864 0.408907 -0.079186 0.909134 148.881
0.915114 -0.0651415 -0.397898 -145.954 0.0928975 0.994376 0.050859 -14.0548 0.392347 -0.0835055 0.916019 149.211
0.923836 -0.0628109 -0.377601 -146.516 0.0902144 0.994385 0.0553099 -13.8746 0.372007 -0.0851623 0.924315 150.311
0.932081 -0.0652251 -0.35633 -147.078 0.0926737 0.993857 0.0604914 -13.7013 0.350196 -0.0894054 0.9324 151.617
0.939628 -0.0650701 -0.335954 -147.497 0.0909811 0.993924 0.0619541 -13.6043 0.329881 -0.0887792 0.939839 152.78
0.94786 -0.0578502 -0.313392 -148.076 0.0804354 0.994976 0.0596123 -13.5033 0.308369 -0.0817119 0.947751 154.232
0.955979 -0.0403566 -0.290646 -148.735 0.0610929 0.996166 0.0626249 -13.5308 0.287004 -0.0776245 0.954779 155.703
0.961557 -0.0402817 -0.271634 -149.121 0.0599043 0.996129 0.0643351 -13.4344 0.267991 -0.078134 0.960248 156.919
0.966839 -0.039135 -0.252369 -149.343 0.0578368 0.996067 0.0671152 -13.3758 0.24875 -0.0794858 0.965301 158.013
0.972067 -0.0382156 -0.231569 -149.734 0.0555179 0.996094 0.0686653 -13.2752 0.228041 -0.0796036 0.970392 159.274
0.976337 -0.0428355 -0.21197 -149.952 0.0585376 0.995942 0.0683623 -13.1609 0.208182 -0.0791529 0.974882 160.402
0.980506 -0.0394759 -0.192482 -150.02 0.054078 0.995995 0.0712071 -13.1854 0.1889 -0.0802281 0.978714 161.365
0.984734 -0.0346173 -0.170589 -150.258 0.047337 0.996348 0.0710687 -13.0993 0.167505 -0.078059 0.982776 162.617
0.987822 -0.0342542 -0.151772 -150.265 0.045632 0.996351 0.0721288 -13.0761 0.148747 -0.078176 0.98578 163.614
0.990606 -0.0338166 -0.132498 -150.451 0.0436282 0.99646 0.0718618 -13.01 0.129598 -0.0769674 0.988575 164.918
0.993457 -0.033974 -0.10904 -150.766 0.0414712 0.996874 0.0672413 -12.8338 0.106415 -0.0713233 0.99176 166.38
0.995151 -0.0368859 -0.0911795 -150.957 0.0429611 0.996921 0.0655902 -12.6944 0.0884795 -0.0691894 0.993672 167.899
0.997064 -0.032804 -0.0691887 -151.289 0.0371501 0.997354 0.0624929 -12.6832 0.0669556 -0.0648798 0.995644 169.561
0.998224 -0.0319878 -0.0502551 -151.292 0.0349025 0.997693 0.0582342 -12.6512 0.0482764 -0.0598848 0.997037 170.491
0.998982 -0.0325711 -0.0312263 -151.441 0.0342102 0.997983 0.0534807 -12.6636 0.0294214 -0.0544945 0.998081 172.115
0.999568 -0.0266948 -0.0123156 -151.43 0.0272846 0.998351 0.0505054 -12.6055 0.0109471 -0.0508196 0.998648 173.356
0.999593 -0.0273038 0.00821585 -151.575 0.0269007 0.998592 0.0457226 -12.5738 -0.00945269 -0.045483 0.99892 175.022
0.999285 -0.0277956 0.0256288 -151.586 0.0266799 0.998723 0.0428947 -12.4511 -0.0267884 -0.0421803 0.998751 176.583
0.99858 -0.0301193 0.043946 -151.512 0.0282986 0.998739 0.0414792 -12.2526 -0.0451399 -0.0401767 0.998172 178.031
0.997701 -0.0290282 0.0612449 -151.525 0.0265446 0.998807 0.0409831 -12.045 -0.0623615 -0.0392631 0.997281 179.429
0.996425 -0.0260386 0.0803715 -151.576 0.0231083 0.999041 0.0371766 -12.0606 -0.0812625 -0.0351864 0.996071 180.786
0.994957 -0.0150146 0.0991752 -151.542 0.0117046 0.999358 0.0338732 -12.0574 -0.0996201 -0.0325416 0.994493 182.448
0.993245 -0.00916805 0.115671 -151.227 0.00571253 0.999528 0.03017 -11.6963 -0.115893 -0.0293054 0.992829 183.961
0.990007 -0.00988909 0.14067 -151.781 0.00537119 0.999459 0.0324605 -11.6972 -0.140915 -0.0313805 0.989524 184.768
0.987286 -0.0089576 0.158703 -151.668 0.0042095 0.999534 0.0302291 -11.7152 -0.1589 -0.0291767 0.986864 186.221
0.984065 -0.00958404 0.177548 -151.429 0.0047865 0.999612 0.0274297 -11.7789 -0.177742 -0.0261428 0.98373 187.766
0.980503 -0.00175796 0.196497 -151.115 -0.00274686 0.99974 0.0226508 -11.5857 -0.196485 -0.0227489 0.980243 189.234
0.976791 -0.00414163 0.214153 -150.799 0.000433868 0.999849 0.0173577 -11.4886 -0.214193 -0.016862 0.976646 190.839
0.970293 0.000286244 0.241934 -150.941 -0.00353773 0.999909 0.0130053 -11.682 -0.241908 -0.0134748 0.970206 192.571
0.963633 0.000908889 0.267228 -150.753 -0.00439579 0.999913 0.0124505 -11.7062 -0.267194 -0.0131724 0.963553 193.717
0.95689 0.000531792 0.29045 -150.337 -0.00474641 0.999893 0.0138064 -11.8248 -0.290412 -0.0145898 0.95679 195.052
0.948031 0.0117011 0.317962 -150.053 -0.0164366 0.99979 0.0122144 -11.891 -0.317752 -0.0168058 0.948025 195.955
0.939497 0.0170365 0.342133 -149.226 -0.0211181 0.999743 0.00820816 -11.8152 -0.341905 -0.0149367 0.939616 197.477
0.929011 0.0216639 0.369417 -148.754 -0.0254385 0.999662 0.0053492 -11.8357 -0.369176 -0.0143669 0.929248 199.291
0.918434 0.0215589 0.394985 -147.938 -0.0227768 0.999739 -0.00160595 -11.4753 -0.394917 -0.00752152 0.918686 201.245
0.907076 0.0233811 0.420316 -147.355 -0.0244163 0.999698 -0.00291818 -11.5251 -0.420258 -0.00761558 0.907373 202.578
0.893654 0.0326917 0.447565 -146.683 -0.0334901 0.99942 -0.00613142 -11.6496 -0.447506 -0.00950964 0.89423 204.121
0.882897 0.0318301 0.468486 -145.845 -0.031759 0.999463 -0.00805369 -11.8571 -0.468491 -0.00776808 0.883434 205.406
0.868208 0.0262555 0.495505 -145.573 -0.0276417 0.999608 -0.00453372 -12.1664 -0.49543 -0.00976038 0.868593 206.581
0.856285 0.0251393 0.515892 -144.291 -0.0247855 0.999664 -0.00757421 -12.2821 -0.515909 -0.00630093 0.85662 208.395
0.840345 0.0266478 0.541396 -143.711 -0.0251558 0.999632 -0.0101562 -12.2505 -0.541467 -0.00508455 0.840706 210.027
0.829274 0.0262071 0.558228 -142.749 -0.0242519 0.999646 -0.010903 -12.333 -0.558316 -0.00449654 0.829616 210.991
0.819393 0.0258637 0.572648 -141.692 -0.0233913 0.999658 -0.0116793 -12.4259 -0.572754 -0.00382511 0.819718 212.182
0.810236 0.0282236 0.585424 -140.301 -0.0222628 0.999601 -0.0173792 -12.414 -0.585681 0.00104804 0.810541 213.683
0.794989 0.0330311 0.605724 -139.75 -0.0239234 0.999447 -0.0231028 -12.2949 -0.606152 0.00387551 0.795339 214.925
0.782942 0.0438145 0.62055 -138.712 -0.036409 0.999034 -0.0246008 -12.4509 -0.621029 -0.00333264 0.783781 216.016
0.771185 0.0429995 0.635158 -137.707 -0.0322198 0.999074 -0.0285163 -12.3432 -0.635795 0.00152669 0.771856 217.273
0.757166 0.0445333 0.651703 -137.232 -0.035226 0.999005 -0.0273394 -12.4064 -0.652272 -0.00225644 0.757981 218.154
0.739481 0.0560287 0.670841 -137.149 -0.0517178 0.998314 -0.0263697 -12.232 -0.671187 -0.0151945 0.741132 218.719
0.723604 0.0572659 0.687835 -135.335 -0.0542161 0.998189 -0.0260689 -12.4022 -0.688082 -0.0184282 0.725399 220.454
0.709206 0.0560118 0.702772 -134.311 -0.0525985 0.998265 -0.0264828 -12.6175 -0.703036 -0.018183 0.710922 221.641
0.699242 0.0422841 0.713634 -132.912 -0.0261088 0.999094 -0.0336159 -12.8035 -0.714408 0.00487353 0.699712 222.739
0.686528 0.045871 0.725655 -131.89 -0.0325672 0.998946 -0.0323355 -13.0514 -0.726374 -0.00143336 0.687298 223.535
0.669558 0.0475232 0.741238 -131.302 -0.0382121 0.998833 -0.0295216 -13.17 -0.741777 -0.0085579 0.670593 224.171
0.656083 0.0473785 0.7532 -129.732 -0.0386288 0.998827 -0.0291811 -13.1704 -0.7537 -0.00995001 0.657144 225.123
0.638155 0.0460219 0.768531 -128.943 -0.0414265 0.998818 -0.0254133 -13.2295 -0.768792 -0.0156199 0.639308 225.75
0.62098 0.0344567 0.783069 -127.433 -0.0258793 0.99939 -0.0234528 -13.1051 -0.783399 -0.0057016 0.621493 227.002
0.603646 0.0314328 0.796632 -126.003 -0.0201002 0.999505 -0.0242067 -13.0839 -0.796999 -0.00140016 0.603979 228.14
0.580298 0.0366354 0.81358 -124.796 -0.0294344 0.999278 -0.0240029 -13.1371 -0.813872 -0.0100184 0.580958 229.151
0.562547 0.0327985 0.826115 -123.456 -0.0233108 0.999445 -0.0238065 -13.1911 -0.826437 -0.00586512 0.562999 230.155
0.551891 0.0259764 0.833511 -122.658 -0.00331045 0.999575 -0.0289598 -13.1561 -0.833909 0.0132234 0.551743 230.372
0.534357 0.027328 0.844817 -121.415 -0.00643797 0.99958 -0.0282622 -13.3107 -0.845234 0.00966319 0.534309 231.038
0.514542 0.0254617 0.857087 -120.483 -0.00622705 0.999644 -0.0259584 -13.41 -0.857442 0.00801955 0.514517 231.73
0.499526 0.0244727 0.865953 -119.228 -0.00539692 0.999669 -0.0251385 -13.4776 -0.866282 0.00788384 0.499493 232.288
0.483304 0.0297027 0.874948 -118.069 -0.0062999 0.999516 -0.0304515 -13.4516 -0.87543 0.00920528 0.483258 232.786
0.464948 0.0400519 0.884432 -116.72 -0.0115156 0.999165 -0.0391938 -13.5795 -0.885263 0.0080383 0.465021 233.566
0.447569 0.046093 0.89306 -115.655 -0.0142466 0.998912 -0.0444163 -13.6721 -0.894136 0.00715632 0.447739 234.021
0.428621 0.0513927 0.902022 -114.311 -0.0211259 0.998678 -0.0468611 -13.7695 -0.903237 0.00102965 0.42914 234.686
0.411259 0.0528594 0.909985 -113.188 -0.0292561 0.998568 -0.0447831 -13.9356 -0.911049 -0.00820512 0.412217 235.153
0.392786 0.0584638 0.91777 -111.774 -0.0450448 0.998002 -0.0442966 -13.9924 -0.918526 -0.0239417 0.394635 235.702
0.376189 0.0582769 0.924708 -110.783 -0.0479657 0.997907 -0.0433767 -14.11 -0.9253 -0.0280364 0.378197 236.069
0.360046 0.0567879 0.931205 -109.501 -0.047111 0.997979 -0.0426448 -14.1434 -0.931744 -0.0285159 0.361994 236.489
0.343138 0.0534098 0.937765 -108.357 -0.0363765 0.998389 -0.043552 -14.1452 -0.93858 -0.0191683 0.344528 236.889
0.328022 0.0546372 0.943089 -107.113 -0.0357469 0.998329 -0.0454042 -14.1907 -0.943994 -0.018819 0.329427 237.174
0.305979 0.0618992 0.950024 -105.658 -0.0409689 0.997816 -0.0518181 -14.1649 -0.951156 -0.0230662 0.307847 237.852
0.287258 0.063722 0.955731 -104.425 -0.0437397 0.997617 -0.053368 -14.3303 -0.956854 -0.026473 0.28936 238.305
0.27269 0.0609985 0.960166 -103.092 -0.0419609 0.997793 -0.0514719 -14.4092 -0.961187 -0.0262535 0.274647 238.647
0.257019 0.0594817 0.964574 -101.715 -0.0347262 0.998028 -0.0522916 -14.3737 -0.965782 -0.0200561 0.258577 239.142
0.243839 0.0489704 0.968579 -100.661 -0.0259101 0.998697 -0.0439703 -14.5662 -0.96947 -0.0143743 0.24479 239.411
0.231977 0.0461038 0.971628 -99.3413 -0.0265662 0.998804 -0.0410506 -14.7043 -0.972358 -0.0162897 0.232924 239.723
0.223972 0.0436792 0.973616 -98.1082 -0.0200019 0.998991 -0.0402163 -14.7804 -0.97439 -0.0104669 0.22462 239.983
0.215001 0.0479988 0.975434 -97.1851 -0.0225781 0.998769 -0.0441705 -14.7255 -0.976353 -0.0125267 0.21582 240.192
0.212469 0.0480473 0.975986 -96.586 -0.0151005 0.998833 -0.0458847 -14.7399 -0.977051 -0.00498882 0.212946 240.229
0.20577 0.0528066 0.977175 -95.6567 -0.0217783 0.998543 -0.0493753 -14.8598 -0.978358 -0.0111212 0.20662 240.414
0.199586 0.0633959 0.977827 -94.8156 -0.0258148 0.997899 -0.059428 -14.8639 -0.97954 -0.0133814 0.200804 240.541
0.196424 0.0656995 0.978315 -93.6815 -0.0237788 0.997778 -0.0622323 -14.8789 -0.980231 -0.0110392 0.19755 240.73
0.190123 0.0584617 0.980018 -92.5848 -0.0219281 0.998229 -0.055294 -14.927 -0.981515 -0.0109773 0.191068 241.016
0.187412 0.0489301 0.981062 -91.4639 -0.02622 0.998652 -0.0447986 -15.0468 -0.981931 -0.0173277 0.188442 241.252
0.184678 0.0461432 0.981715 -90.3502 -0.0251114 0.998793 -0.0422219 -15.106 -0.982478 -0.0168547 0.185614 241.485
0.182903 0.0492445 0.981897 -89.2447 -0.0286231 0.998588 -0.0447499 -15.1621 -0.982714 -0.0199201 0.184055 241.769
0.18235 0.0481572 0.982054 -88.5251 -0.0212781 0.998759 -0.0450254 -15.1642 -0.983003 -0.0126858 0.183149 241.898
0.185317 0.0482761 0.981492 -87.3419 -0.0129541 0.998826 -0.0466827 -15.2312 -0.982593 -0.00406327 0.185725 242.192
0.187076 0.0511558 0.981013 -86.2851 -0.00975192 0.998691 -0.050218 -15.2652 -0.982297 -0.000172158 0.18733 242.39
0.18578 0.0503723 0.981299 -85.3562 0.0152411 0.998417 -0.0541365 -15.182 -0.982473 0.0250136 0.184718 242.705
0.190564 0.0540789 0.980184 -84.3517 0.0142741 0.998223 -0.0578493 -15.1914 -0.981571 0.0250152 0.189453 242.896
0.195435 0.050221 0.97943 -83.4208 0.0143358 0.998435 -0.054056 -15.3153 -0.980612 0.0246053 0.194409 243.049
0.202804 0.0476665 0.978059 -82.4526 0.0190198 0.998434 -0.0526034 -15.3995 -0.979035 0.0292706 0.20158 243.252
0.200343 0.0493702 0.978481 -81.3059 0.0134126 0.998498 -0.0531264 -15.4628 -0.979634 0.0237674 0.199379 243.842
0.205144 0.0492209 0.977493 -80.1479 0.0139286 0.998487 -0.0532012 -15.5471 -0.978633 0.024529 0.204148 244.187
0.210349 0.0504181 0.976325 -79.1629 0.00931783 0.998521 -0.0535717 -15.6768 -0.977582 0.020366 0.209568 244.427
0.21619 0.0507095 0.975033 -78.2258 0.00913372 0.998502 -0.0539552 -15.7474 -0.976308 0.0205703 0.215403 244.649
0.226067 0.0481351 0.972922 -77.2264 0.0139123 0.998517 -0.052634 -15.825 -0.974012 0.0254344 0.225062 244.833
0.231141 0.0457519 0.971844 -76.2165 0.00951487 0.99874 -0.0492811 -15.9667 -0.972874 0.0206378 0.230414 245.125
0.236817 0.0467268 0.97043 -75.2814 0.00600223 0.998753 -0.0495554 -16.0078 -0.971536 0.0175603 0.236241 245.356
0.24143 0.0538582 0.968923 -74.4859 -0.00025629 0.998462 -0.0554363 -16.004 -0.970418 0.0131356 0.241072 245.557
0.25202 0.0528029 0.96628 -73.5013 0.00475951 0.998431 -0.0558011 -16.1033 -0.96771 0.018662 0.251373 245.694
0.257579 0.0539226 0.964751 -72.6455 0.00634705 0.998326 -0.0574937 -16.1484 -0.966236 0.0209325 0.256806 245.944
0.26147 0.0559056 0.963591 -71.4775 0.00392317 0.998251 -0.0589811 -16.2233 -0.965204 0.0192021 0.260793 246.408
0.270647 0.0486969 0.961446 -70.2779 0.0259964 0.997986 -0.0578656 -16.2993 -0.962328 0.0406553 0.268836 246.914
0.277064 0.0417895 0.959942 -69.328 0.0386772 0.997759 -0.0545991 -16.3713 -0.960073 0.0522553 0.274827 247.249
0.279571 0.0413923 0.959232 -68.1788 0.0364939 0.99789 -0.0536967 -16.4187 -0.959431 0.0500182 0.27747 247.771
0.287422 0.0396535 0.956983 -67.3273 0.0412296 0.997704 -0.0537238 -16.4561 -0.956916 0.0548974 0.285127 247.959
0.295783 0.0408691 0.954381 -66.2523 0.0370765 0.99784 -0.054221 -16.5057 -0.954535 0.0514227 0.293629 248.223
0.302045 0.0422789 0.952356 -65.4428 0.0344751 0.997878 -0.0552338 -16.5735 -0.95267 0.0495156 0.299947 248.522
0.31035 0.0422763 0.949682 -64.2041 0.0368412 0.997725 -0.0564545 -16.6322 -0.949908 0.0525081 0.308087 248.872
0.318597 0.0344184 0.947265 -63.4137 0.0527789 0.997146 -0.0539821 -16.7407 -0.94642 0.0671942 0.315871 249.139
0.329444 0.0357173 0.943499 -62.599 0.054449 0.996903 -0.0567511 -16.7829 -0.942604 0.0700689 0.326479 249.28
0.339423 0.0354143 0.939967 -61.7075 0.0569898 0.996681 -0.0581302 -16.8507 -0.938906 0.0732993 0.336278 249.6
0.336022 0.0509445 0.940475 -61.1675 0.0356012 0.997135 -0.0667337 -16.7699 -0.941181 0.055906 0.333246 250.069
0.340712 0.0497172 0.938852 -60.5155 0.0334104 0.99733 -0.0649386 -16.8208 -0.939574 0.0534927 0.338141 250.357
0.344876 0.0531378 0.937143 -59.5318 0.0287274 0.997331 -0.0671225 -16.8795 -0.938209 0.0500706 0.342429 250.696
0.348945 0.0571436 0.935399 -58.6142 0.0250317 0.997215 -0.0702579 -16.9038 -0.936809 0.0479308 0.346543 250.982
