0.999811 0.0116372 0.0155889 0.00771672 -0.0116086 0.999931 -0.00192286 -0.050475 -0.0156102 0.00174153 0.999877 0.412897
0.999281 0.0103792 0.0364638 -0.0541384 -0.0103168 0.999945 -0.00189797 -0.111766 -0.0364815 0.00152042 0.999333 0.973838
0.997924 0.0121864 0.0632453 -0.0220768 -0.0121802 0.999926 -0.000483302 -0.119583 -0.0632465 -0.000288044 0.997998 1.15538
0.995186 0.0129647 0.0971423 0.015286 -0.0131805 0.999912 0.00158077 -0.137648 -0.0971133 -0.00285355 0.995269 1.4187
0.990669 0.0132223 0.135644 0.113055 -0.0137712 0.9999 0.00310908 -0.192815 -0.135589 -0.00494806 0.990753 2.24218
0.984652 0.0104836 0.174213 0.242908 -0.0110681 0.999936 0.00238356 -0.163886 -0.174177 -0.00427519 0.984705 2.43572
0.975926 0.00578453 0.218023 0.552537 -0.00708912 0.999961 0.00520197 -0.067278 -0.217985 -0.00662233 0.97593 2.35434
0.963734 0.0100065 0.266676 0.591142 -0.0121191 0.999907 0.00627722 -0.0949306 -0.266588 -0.00928145 0.963766 2.99824
0.949106 0.00984543 0.314802 0.694695 -0.0137351 0.999854 0.01014 0.108094 -0.314656 -0.0139478 0.949103 3.56078
0.932613 -0.00145761 0.360876 0.992277 -0.00558941 0.999814 0.0184831 0.0355033 -0.360835 -0.0192546 0.932431 3.96339
0.91127 -0.0190532 0.411368 1.03769 0.00817567 0.999569 0.0281859 -0.239248 -0.411728 -0.0223218 0.911033 3.84097
0.886416 -0.0202779 0.462446 1.30174 0.00580665 0.999449 0.0326949 -0.298156 -0.462854 -0.026296 0.886044 4.15219
0.857393 -0.0225412 0.514169 1.28644 0.00402668 0.999304 0.0370948 -0.257251 -0.514647 -0.0297344 0.856886 4.19977
0.824853 -0.0331689 0.564374 1.27341 0.00995971 0.998975 0.0441545 -0.374185 -0.56526 -0.0307999 0.824338 4.2038
0.78913 -0.039932 0.612927 1.5321 0.0131491 0.998754 0.0481394 -0.388635 -0.614086 -0.0299288 0.788672 4.41948
0.750053 -0.042792 0.659992 1.79577 0.0133595 0.998681 0.0495691 -0.366766 -0.661243 -0.0283623 0.749635 4.70043
0.707975 -0.0444778 0.704836 2.13245 0.010979 0.998587 0.0519868 -0.389861 -0.706152 -0.029067 0.707463 5.09183
0.663856 -0.0480732 0.746314 2.30755 0.00995141 0.998411 0.0554599 -0.434025 -0.747794 -0.0293905 0.663279 5.29231
0.619777 -0.04514 0.783479 2.56141 0.00240126 0.998449 0.055626 -0.394002 -0.784775 -0.0325944 0.618924 5.48315
0.57901 -0.0437584 0.814145 2.69331 -0.00161712 0.998495 0.0548169 -0.361795 -0.815319 -0.0330561 0.578068 5.61199
0.533196 -0.0441986 0.844836 3.02369 -0.00431928 0.998479 0.0549626 -0.347473 -0.84598 -0.032955 0.532195 5.95413
0.496872 -0.0508691 0.866332 3.46609 -0.000478492 0.998264 0.0588904 -0.360973 -0.867824 -0.0296755 0.495985 6.10579
0.46141 -0.0518384 0.885671 4.24064 -0.00240943 0.998215 0.0596809 -0.373514 -0.887184 -0.0296713 0.460462 6.27186
0.427131 -0.047496 0.902942 4.76649 0.000692675 0.998636 0.052202 -0.195684 -0.90419 -0.0216716 0.426581 6.41942
0.393669 -0.0466254 0.918069 5.30846 0.000377492 0.998721 0.0505595 -0.204239 -0.919252 -0.0195572 0.393183 6.6143
0.360432 -0.0513215 0.931372 5.64671 0.0073528 0.998611 0.052181 -0.362203 -0.932756 -0.0119595 0.360309 6.8317
0.335578 -0.0472878 0.940825 6.17922 0.00715995 0.998838 0.0476498 -0.283656 -0.941985 -0.00925398 0.335527 6.9685
0.312787 -0.0417108 0.948907 6.75789 -0.00322268 0.998983 0.0449743 -0.253384 -0.949818 -0.0171254 0.312334 7.19255
0.298688 -0.0413372 0.953455 7.4255 -0.00317721 0.999013 0.0443077 -0.204028 -0.954345 -0.0162635 0.298262 7.35089
0.280791 -0.046517 0.958641 7.95499 -0.00816967 0.998673 0.0508524 -0.276384 -0.959734 -0.0221107 0.280038 7.65831
0.268871 -0.0530425 0.961715 8.81428 -0.00556483 0.99838 0.0566205 -0.359258 -0.96316 -0.0205754 0.26814 7.8617
0.256928 -0.0553808 0.964842 9.5205 -0.00506854 0.998266 0.058649 -0.352097 -0.966417 -0.0199589 0.256202 8.0595
0.246965 -0.0563854 0.967382 10.1856 -0.00765637 0.998161 0.0601339 -0.292736 -0.968994 -0.0222576 0.246079 8.19514
0.24427 -0.0595593 0.967877 10.9226 -0.00536617 0.998014 0.0627681 -0.26511 -0.969692 -0.0205262 0.243465 8.22604
0.234638 -0.0561846 0.970458 11.7021 -0.00939587 0.998151 0.0600597 -0.160111 -0.972037 -0.0232106 0.233676 8.41795
0.223945 -0.0553009 0.973032 12.544 -0.0157922 0.998052 0.0603575 -0.0736986 -0.974474 -0.0288831 0.222636 8.61279
0.213325 -0.0600342 0.975135 13.1345 -0.0145401 0.997805 0.0646107 -0.122035 -0.976873 -0.0279617 0.211984 8.75954
0.200417 -0.0638329 0.977629 13.9672 -0.0172831 0.99749 0.0686728 -0.0810251 -0.979558 -0.0306597 0.198811 8.96914
0.187661 -0.070102 0.979729 14.7064 -0.0164822 0.997085 0.0745009 -0.0666861 -0.982096 -0.030129 0.185958 9.13141
0.178331 -0.0757589 0.98105 15.3763 -0.0339015 0.995967 0.0830733 -0.119143 -0.983386 -0.0480736 0.175044 9.23072
0.1636 -0.0924029 0.98219 16.1928 -0.0294129 0.994704 0.0984795 -0.331538 -0.986088 -0.0450003 0.160016 9.34871
0.148826 -0.0916457 0.984608 16.9296 -0.031546 0.994749 0.0973579 -0.273271 -0.98836 -0.0455498 0.145153 9.46503
0.136397 -0.0959026 0.986001 17.7468 -0.0336224 0.994282 0.101359 -0.310503 -0.990084 -0.0469768 0.132392 9.50542
0.118155 -0.0941221 0.988524 18.645 -0.0394108 0.994269 0.0993797 -0.2637 -0.992213 -0.0507008 0.113769 9.57626
0.0924416 -0.0914564 0.991509 19.5743 -0.0454486 0.994348 0.0959555 -0.150998 -0.99468 -0.053933 0.0877625 9.68334
0.058701 -0.0927707 0.993956 20.4075 -0.0572149 0.993723 0.096128 -0.123883 -0.996635 -0.0625119 0.0530247 9.82309
0.0251069 -0.0901938 0.995608 21.243 -0.0624233 0.993837 0.0916076 -0.0218064 -0.997734 -0.0644491 0.019322 9.84463
-0.0090688 -0.0820952 0.996583 22.1116 -0.0750291 0.993871 0.081189 0.120506 -0.99714 -0.0740364 -0.0151727 9.83871
-0.0422069 -0.0779818 0.996061 22.9611 -0.0747968 0.994398 0.0746822 0.19246 -0.996305 -0.0713501 -0.0478032 9.76801
-0.0783585 -0.0819033 0.993555 23.693 -0.0759072 0.994217 0.0759713 0.161844 -0.994031 -0.069465 -0.0841224 9.72367
-0.112458 -0.0818622 0.990279 24.5544 -0.0845961 0.993771 0.072544 0.205335 -0.990049 -0.0756156 -0.118683 9.643
-0.143614 -0.0767437 0.986654 25.1813 -0.0771766 0.994821 0.0661453 0.219392 -0.98662 -0.0666472 -0.148793 9.49992
-0.174066 -0.070285 0.982222 26.0049 -0.0709031 0.995755 0.0586882 0.254107 -0.982178 -0.0594269 -0.178311 9.31109
-0.204093 -0.0628761 0.97693 26.7688 -0.060244 0.996851 0.0515725 0.266188 -0.977096 -0.0483286 -0.207238 9.1047
-0.231833 -0.0569494 0.971087 27.5535 -0.0531995 0.997533 0.0457997 0.279823 -0.9713 -0.0410435 -0.23429 8.8964
-0.259296 -0.0485579 0.964576 28.3672 -0.0455156 0.99824 0.0380171 0.363927 -0.964725 -0.0340456 -0.26105 8.58262
-0.28641 -0.0397509 0.957282 29.1025 -0.0427625 0.998674 0.0286755 0.354817 -0.957152 -0.0327228 -0.28773 8.40113
-0.311422 -0.024694 0.949951 29.8872 -0.0374871 0.999203 0.0136849 0.347967 -0.949532 -0.0313492 -0.3121 8.13258
-0.334365 -0.00700889 0.942418 30.6507 -0.0366459 0.999313 -0.00556973 0.344919 -0.941731 -0.036398 -0.334392 7.77624
-0.357789 0.00798207 0.933768 30.9572 -0.0387169 0.998977 -0.0233745 0.430099 -0.932999 -0.0445158 -0.357114 7.4204
-0.384177 0.0214119 0.923011 31.9741 -0.0331554 0.998766 -0.0369692 0.534414 -0.922664 -0.0448056 -0.382993 7.15662
-0.407481 0.0275163 0.912799 32.896 -0.0280447 0.998697 -0.0426251 0.501867 -0.912783 -0.0429681 -0.406179 6.74408
-0.433895 0.0262023 0.900582 33.2833 -0.0195181 0.999069 -0.0384715 0.404173 -0.900752 -0.0342702 -0.43298 6.91011
-0.450946 0.0212337 0.892299 34.0259 -0.0172613 0.999323 -0.032504 0.319202 -0.892384 -0.0300598 -0.450274 6.36564
-0.469666 0.0202173 0.882613 35.1406 -0.00873433 0.999582 -0.0275445 0.189316 -0.882801 -0.0206457 -0.469293 5.93305
-0.487582 0.0108837 0.873009 36.5407 -0.0254744 0.999319 -0.026686 -0.0977607 -0.872706 -0.035251 -0.486973 5.37464
-0.4996 0.0141443 0.866141 37.3024 -0.0246124 0.999231 -0.0305143 -0.223492 -0.865906 -0.0365627 -0.498868 5.0403
-0.510105 0.0208627 0.859859 37.9821 -0.0357187 0.99833 -0.0454122 0.0682875 -0.85937 -0.0538781 -0.508507 4.54752
-0.522544 0.0199755 0.852378 39.013 -0.0421021 0.997901 -0.0491962 0.0244226 -0.851572 -0.0615941 -0.520606 4.14307
-0.532926 0.0172652 0.845986 39.557 -0.0434495 0.997914 -0.0477367 -0.03854 -0.845045 -0.0621978 -0.531065 3.83863
-0.543794 0.0192702 0.838998 40.1809 -0.0407404 0.997951 -0.0493268 -0.0396228 -0.838229 -0.0610047 -0.541895 3.60619
-0.550372 0.0200523 0.834679 40.8773 -0.0327593 0.998423 -0.0455869 -0.282342 -0.834277 -0.0524333 -0.548847 3.12781
-0.5566 0.0210844 0.830513 41.6447 -0.0292295 0.998562 -0.04494 -0.481715 -0.830266 -0.0492891 -0.555183 2.68687
-0.55642 0.0242165 0.830548 42.3211 -0.0288141 0.998412 -0.0484148 -0.458056 -0.830401 -0.0508705 -0.554838 2.25405
-0.550333 0.0253276 0.834561 43.0583 -0.0257368 0.99855 -0.0472761 -0.534356 -0.834548 -0.0474965 -0.548883 1.61153
-0.545854 0.0235916 0.837548 43.9301 -0.0300112 0.998412 -0.0476819 -0.585187 -0.837343 -0.0511632 -0.544279 1.15458
-0.540308 0.023829 0.84113 44.5747 -0.0294468 0.998451 -0.0472014 -0.556204 -0.840952 -0.0502719 -0.53877 0.852185
-0.532123 0.0228437 0.846359 45.4775 -0.0377012 0.998005 -0.0506403 -0.567394 -0.845827 -0.0588556 -0.530201 0.189917
-0.526903 0.0242693 0.849579 46.372 -0.0476183 0.997179 -0.0580183 -0.403166 -0.84859 -0.0710255 -0.524262 -0.370805
-0.521478 0.0211488 0.853002 47.1864 -0.0503157 0.997191 -0.0554839 -0.574193 -0.85178 -0.071853 -0.518949 -0.940837
-0.518724 0.0182037 0.854748 47.8417 -0.0468589 0.997665 -0.0496848 -0.737731 -0.853657 -0.0658252 -0.51666 -1.37762
-0.517967 0.0190279 0.855189 48.9074 -0.0443567 0.99781 -0.0490671 -0.773449 -0.854249 -0.0633485 -0.515989 -2.02776
-0.52542 0.0158551 0.850695 49.0872 -0.0439973 0.997982 -0.0457745 -0.859238 -0.849704 -0.0614792 -0.523663 -1.6156
-0.525494 0.015172 0.850662 49.8975 -0.0426798 0.998112 -0.0441672 -0.930825 -0.849726 -0.0595156 -0.523854 -2.09716
-0.525053 0.0154374 0.85093 50.8115 -0.040377 0.998258 -0.0430242 -1.01501 -0.850111 -0.056948 -0.523515 -2.63891
-0.52379 0.015696 0.851703 51.6842 -0.040423 0.998246 -0.0432564 -1.03295 -0.850888 -0.0570857 -0.522237 -3.26506
-0.526764 0.0239443 0.849674 51.8809 -0.0187484 0.999033 -0.0397766 -1.07217 -0.849805 -0.0368829 -0.525805 -3.049
-0.52653 0.0237894 0.849824 52.842 -0.0230072 0.998844 -0.0422157 -0.977191 -0.849845 -0.0417798 -0.525374 -3.6511
-0.526863 0.0232633 0.849632 53.7999 -0.0262583 0.998703 -0.043628 -0.980589 -0.849544 -0.0452959 -0.525569 -4.25043
-0.529434 0.0211492 0.848087 54.7975 -0.0299245 0.998602 -0.0435836 -1.05042 -0.847823 -0.0484533 -0.528061 -4.59816
-0.527445 0.0168293 0.849422 55.6956 -0.0358993 0.998469 -0.0420738 -1.14307 -0.84883 -0.0526853 -0.526034 -5.27078
-0.517163 0.0188259 0.85568 56.8237 -0.0293117 0.998782 -0.03969 -1.21732 -0.855385 -0.0456076 -0.515981 -6.30956
-0.512048 0.0237784 0.858628 57.7173 -0.0157416 0.999189 -0.0370586 -1.32586 -0.858813 -0.0324919 -0.511258 -6.85283
-0.510676 0.0252824 0.859402 58.7952 -0.0108008 0.9993 -0.0358161 -1.4657 -0.859705 -0.0275726 -0.510045 -7.33078
-0.510539 0.0258597 0.859466 59.6322 -0.0208329 0.998882 -0.0424296 -1.1748 -0.859602 -0.0395671 -0.50943 -7.79372
-0.510359 0.0315302 0.859383 60.6512 -0.0174957 0.99874 -0.0470333 -1.0997 -0.859783 -0.0390394 -0.509165 -8.34314
-0.508096 0.0386774 0.860432 61.8114 -0.00526879 0.998833 -0.04801 -1.11106 -0.861284 -0.0289271 -0.507299 -8.97259
-0.512061 0.0409691 0.857971 62.8489 -0.0138065 0.99834 -0.0559119 -0.990436 -0.858838 -0.0404759 -0.510645 -9.62309
-0.518126 0.0377006 0.854473 63.5394 -0.024437 0.997968 -0.0588496 -1.05703 -0.854955 -0.0513723 -0.516152 -10.0099
-0.516471 0.0378999 0.855466 64.3033 -0.0221975 0.998092 -0.0576199 -1.14496 -0.856017 -0.0487482 -0.514644 -10.6517
-0.52285 0.0299489 0.851899 64.9599 -0.0321969 0.997976 -0.054845 -1.2127 -0.851817 -0.0561042 -0.520827 -11.1042
-0.529818 0.025558 0.847726 65.7653 -0.0358502 0.997978 -0.0524939 -1.32523 -0.847353 -0.0582033 -0.52783 -11.5273
-0.543977 0.0182573 0.838902 66.1904 -0.0635441 0.995996 -0.0628806 -1.23542 -0.836691 -0.0875129 -0.540638 -11.4921
-0.554387 0.0176249 0.832072 67.0352 -0.0656624 0.995733 -0.0648406 -1.29273 -0.829665 -0.0905826 -0.550864 -11.7515
-0.556696 0.0223663 0.830415 67.7517 -0.0580566 0.996146 -0.0657502 -1.43397 -0.828685 -0.0848139 -0.553251 -12.2662
-0.560519 0.0197751 0.827905 68.3349 -0.0592623 0.996194 -0.0639173 -1.57869 -0.826018 -0.0848904 -0.557214 -12.6275
-0.560542 0.022463 0.827821 69.2396 -0.0571587 0.996199 -0.0657358 -1.62779 -0.826151 -0.0841649 -0.557128 -13.3322
-0.562567 0.0163506 0.82659 69.9686 -0.0545777 0.996889 -0.0568642 -1.6985 -0.824948 -0.0771033 -0.559925 -13.8238
-0.562105 0.00647846 0.82704 70.8365 -0.0579335 0.997205 -0.0471864 -1.75991 -0.825034 -0.0744371 -0.560158 -14.4825
-0.56307 0.0036783 0.826401 71.8017 -0.0645763 0.996737 -0.0484357 -1.77342 -0.823882 -0.0806386 -0.560995 -15.2004
-0.560252 0.00865619 0.828277 72.6841 -0.0672262 0.996172 -0.055883 -1.81302 -0.82559 -0.0869905 -0.557525 -15.9929
-0.568038 0.00906026 0.822952 73.4183 -0.0666018 0.996154 -0.0569387 -1.91185 -0.820303 -0.0871535 -0.56525 -16.2321
-0.568082 0.0153369 0.822829 74.2168 -0.0546291 0.996918 -0.0562977 -2.00789 -0.821157 -0.0769322 -0.565493 -16.8338
-0.567741 0.0189847 0.822988 75.0625 -0.0518787 0.996922 -0.0587857 -2.03899 -0.821571 -0.0760706 -0.565008 -17.4937
-0.564126 0.014769 0.825557 75.868 -0.0488965 0.997488 -0.0512572 -2.18487 -0.82424 -0.0692823 -0.561987 -18.1455
-0.569885 0.0087271 0.821678 76.603 -0.0564362 0.997167 -0.049733 -2.17386 -0.819784 -0.0747145 -0.567777 -18.37
-0.567002 0.00288813 0.823711 77.4704 -0.0619905 0.997008 -0.046167 -2.21886 -0.82138 -0.0772391 -0.565127 -19.09
-0.566952 -0.00311715 0.823745 78.2668 -0.0749882 0.996036 -0.0478424 -2.2217 -0.82033 -0.0888955 -0.564939 -19.611
-0.568762 -0.0103446 0.822437 79.031 -0.0893631 0.994779 -0.0492873 -2.21934 -0.817633 -0.101528 -0.566717 -20.0223
-0.565446 -0.0075803 0.82475 79.8058 -0.07881 0.995879 -0.0448788 -2.35373 -0.821011 -0.0903751 -0.563714 -20.5861
-0.573845 -0.00194145 0.818962 80.4964 -0.0665041 0.996805 -0.0442362 -2.41944 -0.816259 -0.079849 -0.57214 -20.5951
-0.569877 0.00256298 0.821726 81.2321 -0.0713095 0.996068 -0.0525608 -2.38217 -0.81863 -0.0885501 -0.567454 -21.0948
-0.567755 0.00331451 0.823191 81.993 -0.0724464 0.995911 -0.0539763 -2.40709 -0.820003 -0.0902825 -0.565193 -21.4963
-0.563656 0.00890253 0.825962 82.7879 -0.0349113 0.998792 -0.0345897 -2.72299 -0.825271 -0.048332 -0.562664 -21.9509
-0.546714 0.0127951 0.837221 83.6318 -0.00145214 0.999867 -0.0162291 -3.03088 -0.837318 -0.0100884 -0.546623 -22.8041
-0.535468 0.016995 0.844385 84.3942 0.0127462 0.999846 -0.012041 -3.11108 -0.844459 0.00431511 -0.535602 -23.3102
-0.524561 0.0129424 0.851274 85.2045 0.01254 0.999893 -0.00747473 -3.16263 -0.85128 0.006754 -0.524667 -23.7945
-0.51419 0.0130076 0.857577 85.9626 0.0163071 0.999853 -0.00538813 -3.19189 -0.857521 0.0112141 -0.514327 -24.2179
-0.501692 0.0124323 0.864957 86.7372 0.0169559 0.999846 -0.00453638 -3.20761 -0.86488 0.0123903 -0.501825 -24.6857
-0.489893 0.0138848 0.871672 87.5055 0.0207412 0.999776 -0.00426852 -3.23995 -0.871536 0.0159884 -0.490071 -25.0716
-0.477112 0.0158694 0.878699 88.1892 0.0167026 0.99982 -0.00898771 -3.27679 -0.878684 0.0103884 -0.477292 -25.4367
-0.468389 0.0259955 0.88314 88.9498 0.0254191 0.99955 -0.0159406 -3.33273 -0.883157 0.0149823 -0.468839 -25.7399
-0.461485 0.0218822 0.886878 89.6642 -0.00998693 0.999504 -0.0298578 -3.21279 -0.887092 -0.0226361 -0.461038 -25.9091
-0.452569 0.0233009 0.891425 90.417 0.00434122 0.999704 -0.0239272 -3.32033 -0.891719 -0.00695882 -0.452537 -26.1739
-0.441924 0.0206317 0.896815 91.2244 0.00748089 0.999785 -0.0193143 -3.36962 -0.897021 -0.00182647 -0.441984 -26.5465
-0.433203 0.0181989 0.901112 92.0506 -0.00347707 0.999755 -0.0218627 -3.38996 -0.901289 -0.0126042 -0.433034 -26.9271
-0.427478 0.020995 0.903782 92.8347 -0.0125944 0.999495 -0.0291754 -3.42242 -0.903938 -0.0238544 -0.426998 -27.268
-0.41872 0.0146603 0.907997 92.8063 -0.0506485 0.997936 -0.0394689 -3.47548 -0.906702 -0.0625151 -0.417113 -27.6573
-0.415507 0.0160671 0.909448 93.6304 -0.0548637 0.997581 -0.0426902 -3.541 -0.907934 -0.0676338 -0.41362 -27.9942
-0.411645 0.0137347 0.911241 94.4462 -0.0578304 0.997478 -0.0411589 -3.6483 -0.909508 -0.0696403 -0.409812 -28.3633
-0.407499 0.0158496 0.913068 95.2119 -0.0478526 0.998105 -0.0386821 -3.73703 -0.911951 -0.0594556 -0.405968 -28.6852
-0.394887 0.017591 0.918561 96.2519 -0.0213931 0.99937 -0.0283353 -3.85172 -0.918481 -0.0308401 -0.394262 -29.2988
-0.390125 0.0132122 0.920667 97.1715 -0.0221778 0.999472 -0.0237408 -3.91873 -0.920495 -0.0296802 -0.389626 -29.647
-0.382699 0.0133805 0.923776 97.9066 -0.0166429 0.999633 -0.021374 -3.89635 -0.923723 -0.0235541 -0.382336 -30.0437
-0.37789 0.0103605 0.925793 98.7519 -0.026249 0.999416 -0.0218987 -3.93446 -0.925478 -0.0325764 -0.377397 -30.3493
-0.37257 0.0117203 0.92793 99.5605 -0.0400785 0.998784 -0.0287071 -3.91716 -0.927138 -0.0478855 -0.371647 -30.6411
-0.361883 0.012373 0.932141 100.258 -0.0384645 0.998862 -0.0281916 -4.03642 -0.93143 -0.0460564 -0.360995 -31.0096
-0.35338 0.0186373 0.935294 101.137 -0.0272152 0.999174 -0.0301929 -4.07446 -0.935084 -0.0361237 -0.352581 -31.3797
-0.348926 0.0176905 0.936983 101.928 -0.032857 0.998976 -0.0310966 -4.11922 -0.936574 -0.0416369 -0.347987 -31.6794
-0.339506 0.0128323 0.940516 102.808 -0.0315876 0.999187 -0.0250352 -4.1769 -0.940073 -0.0382082 -0.338824 -32.0341
-0.333817 0.0131322 0.942546 103.829 -0.0318132 0.999176 -0.0251883 -4.16424 -0.942101 -0.0383937 -0.333125 -32.335
-0.323809 0.0152627 0.945999 104.682 -0.0159571 0.99964 -0.0215902 -4.10544 -0.945988 -0.0220865 -0.323449 -32.6605
-0.319653 0.0171105 0.94738 105.52 -0.0179422 0.999548 -0.0241065 -4.13522 -0.947365 -0.0247038 -0.319202 -32.8631
-0.312959 0.0190903 0.949575 106.204 -0.00896249 0.999694 -0.0230518 -4.15217 -0.949724 -0.0157248 -0.312692 -33.1212
-0.307241 0.0182319 0.951457 107.084 -0.0138675 0.999625 -0.0236329 -4.14066 -0.951531 -0.0204553 -0.306872 -33.3945
-0.300606 0.0142754 0.953642 107.719 -0.0257873 0.999401 -0.023089 -4.13696 -0.9534 -0.0315326 -0.300058 -33.5802
-0.293286 0.0124008 0.955944 108.344 -0.0348012 0.999115 -0.0236379 -4.17902 -0.955391 -0.0402007 -0.292595 -33.853
-0.28835 0.0146517 0.957413 109.281 -0.0348206 0.999061 -0.0257762 -4.17742 -0.956892 -0.0407703 -0.287569 -34.0821
-0.282706 0.0106466 0.959148 109.859 -0.0467609 0.998597 -0.0248671 -4.21878 -0.958066 -0.0518807 -0.281811 -34.2476
-0.278896 0.00650875 0.960299 110.801 -0.0532707 0.998332 -0.0222378 -4.30109 -0.958843 -0.0573578 -0.278084 -34.4487
-0.275579 0.00725997 0.961251 111.602 -0.0529547 0.998338 -0.0227216 -4.29919 -0.959819 -0.0571644 -0.274737 -34.6732
-0.272211 0.00690321 0.962213 112.386 -0.0514588 0.998439 -0.0217208 -4.32711 -0.960861 -0.055427 -0.27143 -34.7891
-0.26839 0.00572654 0.963293 113.334 -0.0652842 0.997575 -0.0241196 -4.28228 -0.961096 -0.0693613 -0.267365 -35.0743
-0.271607 0.00538043 0.962393 114.214 -0.0569128 0.998145 -0.0216422 -4.30242 -0.960724 -0.0606506 -0.270796 -35.1694
-0.262935 -0.000149678 0.964814 115.068 -0.0480838 0.998759 -0.012949 -4.39579 -0.963615 -0.0497966 -0.262616 -35.4735
-0.256517 -0.00636922 0.966519 115.954 -0.0483509 0.998811 -0.00625048 -4.4974 -0.965329 -0.0483354 -0.25652 -35.7451
-0.251569 -0.00323335 0.967834 116.813 -0.0494898 0.998729 -0.00952731 -4.4964 -0.966573 -0.0502947 -0.251409 -35.9763
-0.246613 -0.000479903 0.969114 117.757 -0.0450318 0.998925 -0.0109647 -4.56998 -0.968067 -0.046345 -0.246369 -36.2754
-0.24472 -0.000345144 0.969594 118.648 -0.0373961 0.999259 -0.00908288 -4.63923 -0.968872 -0.0384818 -0.244552 -36.5117
-0.245139 -0.00186868 0.969486 119.529 -0.0432309 0.999025 -0.0090055 -4.62553 -0.968524 -0.0441193 -0.244981 -36.7062
-0.24542 -0.00606616 0.969398 120.423 -0.0470803 0.998875 -0.00566857 -4.60459 -0.968273 -0.0470307 -0.245429 -36.925
-0.245189 -0.0120286 0.969401 121.402 -0.0574925 0.998344 -0.00215377 -4.56978 -0.967769 -0.0562614 -0.245474 -37.1986
-0.24624 -0.0129839 0.969122 122.266 -0.0541753 0.998531 -0.000387285 -4.5962 -0.967694 -0.0525978 -0.246582 -37.3906
-0.2439 -0.00542286 0.969785 123.527 -0.0522791 0.998604 -0.00756413 -4.56549 -0.96839 -0.0525444 -0.243843 -37.7424
-0.247471 -0.00322726 0.96889 124.339 -0.0602758 0.998109 -0.0120709 -4.55012 -0.967019 -0.0613878 -0.247197 -37.8547
-0.247595 -0.00436915 0.968854 125.071 -0.0581192 0.998256 -0.0103509 -4.62092 -0.967119 -0.0588718 -0.247417 -37.9887
-0.245893 -0.00581496 0.969279 125.893 -0.0582556 0.998263 -0.00878983 -4.66101 -0.967545 -0.0586273 -0.245805 -38.2056
-0.248838 -0.00894026 0.968504 126.784 -0.0740975 0.997203 -0.00983273 -4.65418 -0.965707 -0.0742105 -0.248805 -38.4309
-0.243781 -0.00986967 0.96978 127.616 -0.0784245 0.996874 -0.00956879 -4.71421 -0.966654 -0.0783872 -0.243793 -38.6735
-0.242278 -0.0122783 0.970129 128.526 -0.102267 0.994673 -0.0129509 -4.72342 -0.964802 -0.102349 -0.242243 -38.915
-0.243103 -0.012574 0.969919 129.33 -0.113182 0.993454 -0.0154891 -4.75248 -0.963375 -0.113542 -0.242935 -39.0765
-0.241219 -0.00614568 0.970451 130.314 -0.103244 0.994468 -0.0193649 -4.78744 -0.964963 -0.104864 -0.240519 -39.4088
-0.243672 -0.00636933 0.969837 130.898 -0.101491 0.994656 -0.0189672 -4.822 -0.964533 -0.103051 -0.243016 -39.4402
-0.24085 -0.00874446 0.970523 131.711 -0.130505 0.99117 -0.0234563 -4.7956 -0.961748 -0.132307 -0.239865 -39.6431
-0.23998 -0.00576075 0.970761 132.51 -0.123935 0.991982 -0.0247511 -4.83945 -0.962834 -0.126251 -0.23877 -39.8174
-0.234179 -0.0141194 0.972091 132.708 -0.113764 0.993423 -0.0129766 -5.06816 -0.965514 -0.113627 -0.234245 -39.9238
-0.229145 -0.0206746 0.973173 133.281 -0.107676 0.994177 -0.00423273 -5.17283 -0.967418 -0.105757 -0.230037 -40.1434
-0.22212 -0.0244876 0.974712 133.528 -0.107439 0.994212 0.000493864 -5.27105 -0.969082 -0.104613 -0.223466 -40.2963
-0.172792 -0.0292112 0.984525 130.604 -0.0496242 0.998549 0.0209178 -5.93458 -0.983707 -0.0452418 -0.173991 -41.0336
-0.167124 -0.0250928 0.985616 131.427 -0.0474617 0.998722 0.0173787 -5.91703 -0.984793 -0.0438747 -0.168102 -41.1383
-0.155711 -0.0267508 0.98744 131.79 -0.0329164 0.999219 0.0218793 -6.08834 -0.987254 -0.0290961 -0.15647 -41.3067
-0.149111 -0.0353204 0.988189 132.324 -0.0417361 0.998696 0.0293982 -6.18325 -0.987939 -0.0368596 -0.150391 -41.3185
-0.138593 -0.0366221 0.989672 133.14 -0.0338211 0.998908 0.0322276 -6.15698 -0.989772 -0.0290053 -0.13968 -41.3994
-0.117462 -0.031838 0.992567 134.192 -0.00250896 0.999492 0.0317633 -6.1552 -0.993074 0.00124067 -0.117482 -41.7603
-0.103321 -0.0294664 0.994212 135.007 -0.00423282 0.999565 0.0291852 -6.11268 -0.994639 -0.00119287 -0.103401 -41.8222
-0.0873687 -0.0366106 0.995503 135.342 -0.00764096 0.99932 0.0360804 -6.28091 -0.996147 -0.0044543 -0.087589 -41.9732
-0.0580821 -0.0344486 0.997717 136.378 -0.00742377 0.999392 0.0340743 -6.25477 -0.998284 -0.00542771 -0.0583025 -42.2541
-0.0446145 -0.0275681 0.998624 137.147 -0.00786862 0.999598 0.0272435 -6.25316 -0.998973 -0.00664234 -0.0448135 -42.2856
-0.0296631 -0.0159998 0.999432 138.031 -0.0157168 0.999756 0.0155385 -6.24493 -0.999436 -0.0152469 -0.0299073 -42.377
-0.0130753 -0.00550662 0.999899 138.665 -0.00243911 0.999982 0.00547518 -6.22342 -0.999912 -0.00236728 -0.0130885 -42.4357
0.00485291 -0.00747966 0.99996 139.39 -0.00279936 0.999968 0.0074933 -6.26298 -0.999984 -0.00283561 0.00483181 -42.4949
0.0151875 -0.0101474 0.999833 140.212 -0.00933789 0.999903 0.0102899 -6.25242 -0.999841 -0.00949261 0.0150913 -42.4397
0.0236174 -0.0135287 0.99963 140.95 -0.00851276 0.999869 0.0137331 -6.27585 -0.999685 -0.00883395 0.0234991 -42.4008
0.0311006 -0.00587047 0.999499 141.713 -0.0192735 0.999793 0.00647192 -6.25612 -0.99933 -0.0194651 0.030981 -42.365
0.0341115 -0.0079928 0.999386 142.337 -0.0335521 0.999395 0.00913809 -6.4778 -0.998855 -0.0338432 0.0338227 -42.2657
0.0400107 -0.00266548 0.999196 143.038 -0.0308614 0.999516 0.00390211 -6.43841 -0.998723 -0.0309927 0.0399091 -42.2778
0.0313144 0.000980222 0.999509 144.323 -0.0366953 0.999326 0.00016961 -6.26216 -0.998836 -0.0366826 0.0313292 -41.9991
0.0288961 -0.00891883 0.999543 145.091 -0.0298229 0.999507 0.00978067 -6.3158 -0.999137 -0.0300919 0.0286159 -41.9731
0.0252066 -0.00680914 0.999659 145.838 -0.0274343 0.999595 0.00750047 -6.22736 -0.999306 -0.027614 0.0250096 -41.9342
0.0192176 -0.00697398 0.999791 146.414 -0.0124626 0.999896 0.00721427 -6.25651 -0.999738 -0.0125987 0.0191287 -41.8121
0.0134055 -0.00677325 0.999887 147.115 -0.0185815 0.999803 0.0070218 -6.30583 -0.999737 -0.0186735 0.013277 -41.761
0.00974253 -0.00830469 0.999918 147.819 -0.0148039 0.999855 0.0084484 -6.32818 -0.999843 -0.014885 0.00961818 -41.7488
0.00280423 -0.00892317 0.999956 148.478 -0.0195595 0.999768 0.00897635 -6.33724 -0.999805 -0.0195838 0.00262905 -41.7123
-0.00145905 -0.0148205 0.999889 149.156 -0.0256363 0.999562 0.0147782 -6.39105 -0.99967 -0.0256119 -0.00183835 -41.7262
-0.00571446 -0.0174062 0.999832 150.235 -0.0278763 0.999463 0.0172404 -6.40907 -0.999595 -0.0277731 -0.00619661 -41.8019
-0.00231327 -0.0170932 0.999851 151.298 -0.0246728 0.99955 0.017031 -6.42336 -0.999693 -0.0246297 -0.00273396 -42.0249
-0.0128396 -0.0163972 0.999783 151.817 -0.0196134 0.999677 0.0161436 -6.41504 -0.999725 -0.0194018 -0.0131571 -41.8697
-0.0155122 -0.0138033 0.999784 152.57 -0.0208642 0.999691 0.0134783 -6.41976 -0.999662 -0.0206507 -0.0157955 -41.9048
-0.0193396 -0.00986637 0.999764 153.278 -0.0249328 0.999645 0.00938289 -6.40738 -0.999502 -0.0247455 -0.0195787 -41.9059
-0.01909 -0.00887751 0.999778 154.113 -0.0207965 0.999748 0.00848015 -6.41061 -0.999601 -0.02063 -0.0192698 -42.0048
-0.0212023 -0.0111712 0.999713 154.83 -0.0197629 0.999747 0.0107524 -6.42604 -0.99958 -0.0195292 -0.0214178 -41.9444
-0.0181118 -0.0178767 0.999676 155.5 -0.00861577 0.999806 0.0177229 -6.44112 -0.999799 -0.00829198 -0.0182624 -41.9881
-0.0177546 -0.029655 0.999403 156.118 -0.00526857 0.999549 0.0295657 -6.54305 -0.999828 -0.00474049 -0.0179028 -41.9148
-0.00787305 -0.0299019 0.999522 156.782 -0.00294028 0.999549 0.0298795 -6.53407 -0.999965 -0.00270363 -0.00795742 -41.9051
0.00293312 -0.0292338 0.999568 157.511 -0.000270899 0.999573 0.0292347 -6.52801 -0.999996 -0.000356531 0.00292395 -41.8438
0.0151509 -0.0306329 0.999416 158.165 -0.00161581 0.999529 0.0306609 -6.50808 -0.999884 -0.0020794 0.0150942 -41.7887
0.0312066 -0.0349586 0.998901 158.865 -0.0072245 0.999354 0.0352002 -6.50255 -0.999487 -0.00831504 0.0309339 -41.7467
0.0492066 -0.0405158 0.997967 159.577 -0.00650658 0.999143 0.0408844 -6.46379 -0.998767 -0.00850513 0.0489008 -41.735
0.0703029 -0.0561358 0.995945 160.717 0.0220727 0.998258 0.0547081 -6.49304 -0.997281 0.018137 0.0714195 -41.7936
0.0873414 -0.0631032 0.994178 161.486 0.0174893 0.997935 0.0618052 -6.46539 -0.996025 0.0119894 0.0882646 -41.7433
0.10574 -0.0633463 0.992374 162.1 -0.0065014 0.997904 0.064392 -6.38931 -0.994373 -0.0132606 0.105106 -41.6272
0.122907 -0.0658756 0.990229 162.446 -0.00900772 0.997679 0.0674892 -6.4262 -0.992377 -0.0172146 0.122028 -41.5562
0.14227 -0.0644835 0.987725 163.087 -0.0128575 0.997671 0.0669848 -6.36122 -0.989744 -0.0222296 0.141109 -41.4707
0.158479 -0.0608652 0.985485 163.685 -0.0211647 0.997659 0.0650207 -6.30083 -0.987135 -0.0311619 0.15682 -41.3367
0.181351 -0.0692629 0.980976 164.322 -0.00879078 0.997363 0.072045 -6.33047 -0.983379 -0.021689 0.180264 -41.3864
0.189326 -0.0757518 0.978988 164.61 -0.0071452 0.996887 0.0785186 -6.35283 -0.981888 -0.0218607 0.188195 -41.076
0.201884 -0.0752049 0.976518 165.269 -0.00939229 0.996853 0.0787127 -6.28784 -0.979364 -0.0250626 0.200543 -40.9569
0.208942 -0.0681818 0.975548 166.162 -0.0169726 0.997163 0.0733277 -6.05347 -0.977781 -0.0318788 0.207192 -40.6597
0.219556 -0.0591372 0.973806 166.681 -0.0296833 0.997294 0.067256 -5.97205 -0.975148 -0.0436722 0.217206 -40.5282
0.228836 -0.0615439 0.971518 167.106 -0.0136653 0.997698 0.0664212 -6.12116 -0.973369 -0.0284756 0.227468 -40.3856
0.238405 -0.0482941 0.969964 167.642 -0.0158895 0.998435 0.0536171 -6.06572 -0.971036 -0.0281949 0.237265 -40.2503
0.246988 -0.0406449 0.968166 168.398 -0.00973538 0.998965 0.0444214 -5.92699 -0.96897 -0.020397 0.246336 -40.064
0.252202 -0.0391364 0.966883 169.144 -0.0117408 0.998985 0.0434982 -5.88313 -0.967603 -0.0223223 0.251487 -39.7698
0.262087 -0.0441646 0.964033 169.846 -0.0137577 0.99868 0.0494921 -5.78336 -0.964946 -0.0262341 0.261133 -39.7026
0.269598 -0.0524459 0.961544 170.661 -0.0177521 0.998075 0.0594158 -5.69279 -0.962809 -0.0330878 0.268148 -39.5362
0.271695 -0.0595511 0.960539 171.314 -0.0174316 0.997615 0.0667804 -5.63108 -0.962226 -0.0348877 0.270009 -39.3636
0.273333 -0.0640344 0.959786 171.906 -0.0128838 0.997449 0.0702163 -5.72989 -0.961833 -0.0315581 0.271811 -39.242
0.276926 -0.0627757 0.958838 172.749 -0.00779655 0.997684 0.0675707 -5.73158 -0.96086 -0.0261877 0.275795 -39.0908
0.279465 -0.061471 0.958186 173.254 -0.00888208 0.99774 0.0665991 -5.70264 -0.960115 -0.0271228 0.278288 -38.9845
0.284734 -0.0603246 0.956707 174.06 -0.00983419 0.997782 0.0658414 -5.55838 -0.958556 -0.0281557 0.283509 -38.8582
0.289383 -0.0725252 0.954462 174.635 0.00108782 0.99715 0.075439 -5.6829 -0.957213 -0.0207925 0.288637 -38.7339
0.294285 -0.0715467 0.953036 175.646 -0.0041282 0.997089 0.0761286 -5.56949 -0.955709 -0.0263379 0.293134 -38.3757
0.298545 -0.0754292 0.95141 176.249 0.00215566 0.996923 0.0783611 -5.49221 -0.954393 -0.0213434 0.297789 -38.1731
0.303991 -0.0734077 0.949843 176.698 0.00461846 0.997129 0.0755841 -5.27145 -0.952664 -0.0185901 0.303457 -38.0038
0.31131 -0.0845178 0.946543 177.323 0.0176708 0.99638 0.083156 -5.36017 -0.950144 -0.00916108 0.311676 -37.7412
0.324621 -0.0908013 0.941476 177.873 0.0251131 0.995858 0.0873873 -5.34 -0.945511 -0.00472436 0.325556 -37.6722
0.33763 -0.0892152 0.937042 178.552 0.0273732 0.996008 0.0849664 -5.26683 -0.940881 -0.00303733 0.338724 -37.482
0.350494 -0.0845148 0.932744 179.222 0.0254376 0.996412 0.0807251 -5.23915 -0.936219 -0.00456691 0.351386 -37.337
0.365061 -0.0808829 0.927463 179.938 0.0252743 0.996713 0.0769738 -5.18436 -0.93064 -0.00465918 0.365906 -37.1364
0.375661 -0.0900303 0.922374 180.49 0.040169 0.995917 0.0808488 -5.22511 -0.925886 0.00667914 0.377743 -36.9075
0.386508 -0.0853555 0.918328 181.255 0.0283461 0.996337 0.0806759 -5.26041 -0.92185 -0.00515091 0.387512 -36.5697
0.396286 -0.0868738 0.914008 181.971 0.0269645 0.996185 0.0829936 -5.26043 -0.917731 -0.00824347 0.397117 -36.1454
0.408846 -0.0888339 0.90827 182.49 0.0265495 0.995988 0.0854624 -5.23888 -0.912217 -0.0108269 0.409564 -36.0064
0.416786 -0.089972 0.904541 182.962 0.0241542 0.995834 0.0879232 -5.17869 -0.908683 -0.0147967 0.417223 -35.698
0.424342 -0.0871867 0.901295 183.529 0.0204144 0.996022 0.0867388 -5.08765 -0.905272 -0.0184075 0.424433 -35.4225
0.429473 -0.0900274 0.898581 184.159 0.0198705 0.99572 0.0902626 -5.05178 -0.902861 -0.0209101 0.429423 -35.1307
0.431537 -0.09693 0.896873 184.805 0.0248858 0.995111 0.0955732 -5.04588 -0.901752 -0.0189239 0.431839 -34.8095
0.431117 -0.096443 0.897127 185.391 0.0294268 0.995245 0.0928498 -4.99951 -0.901816 -0.0136296 0.431905 -34.5433
0.433979 -0.095323 0.895866 185.961 0.0262523 0.995303 0.0931861 -4.96618 -0.900541 -0.0169223 0.434442 -34.4309
0.431323 -0.0950515 0.897177 186.566 0.0301793 0.995398 0.0909488 -4.92298 -0.901693 -0.0121521 0.432206 -34.0967
0.430025 -0.0968884 0.897603 187.136 0.0350469 0.995267 0.0906401 -4.85119 -0.902136 -0.00751929 0.431385 -33.7884
0.433025 -0.110581 0.894573 187.768 0.0633201 0.993726 0.0921872 -4.70075 -0.899155 0.0167251 0.43731 -33.6291
0.430706 -0.118366 0.894697 188.438 0.0748247 0.992632 0.0953024 -4.64769 -0.899385 0.0258981 0.436389 -33.3289
0.433651 -0.11973 0.893091 188.866 0.0680208 0.992655 0.10005 -4.68755 -0.89851 0.0173621 0.43861 -33.2951
0.430618 -0.117673 0.89483 189.36 0.0631977 0.992962 0.100166 -4.59817 -0.900319 0.0134182 0.435023 -32.8464
0.428564 -0.115339 0.896119 190.023 0.0579074 0.993286 0.100151 -4.50146 -0.901654 0.00897069 0.432365 -32.4902
0.427567 -0.115221 0.896611 190.681 0.0595305 0.99328 0.0992557 -4.44891 -0.902021 0.0109372 0.431553 -32.2379
0.426111 -0.111568 0.897765 191.445 0.0586462 0.993686 0.095653 -4.382 -0.902768 0.0118918 0.429963 -31.8588
0.424319 -0.104946 0.899411 191.943 0.056787 0.99439 0.0892373 -4.32089 -0.90373 0.0132097 0.427898 -31.5413
0.423177 -0.0994676 0.900571 192.961 0.0487931 0.995015 0.0869712 -4.16077 -0.904732 0.00713746 0.425921 -30.9564
0.423697 -0.103115 0.899916 193.65 0.0488865 0.994654 0.0909542 -4.1485 -0.904484 0.00545669 0.426473 -30.7272
0.423602 -0.106514 0.899564 194.125 0.0483468 0.994306 0.0949652 -4.13457 -0.904557 0.00326364 0.42634 -30.5225
0.428479 -0.105824 0.897333 194.528 0.0454286 0.994385 0.0955776 -4.09338 -0.902409 -0.000188426 0.430881 -30.5724
0.422893 -0.106383 0.899913 195.347 0.0456213 0.994325 0.0961054 -4.00716 -0.90503 0.000412882 0.425347 -30.1182
0.417408 -0.110965 0.901919 195.847 0.0548869 0.993783 0.0968655 -3.97024 -0.90706 0.00907109 0.420904 -30.0294
0.413738 -0.110541 0.90366 196.579 0.0492956 0.993865 0.0990059 -3.91452 -0.90906 0.00358385 0.416649 -29.8443
0.405438 -0.110415 0.907429 197.188 0.0530103 0.993848 0.0972455 -3.8728 -0.912584 0.00867604 0.408797 -29.6375
0.394326 -0.100435 0.913466 197.891 0.0303022 0.99489 0.0963064 -3.87075 -0.918471 -0.0102961 0.395355 -29.2588
0.384035 -0.0962878 0.918284 198.641 0.0198097 0.995178 0.096066 -3.71862 -0.923106 -0.0187018 0.38409 -28.9441
0.371033 -0.105216 0.92264 199.511 0.0228789 0.994295 0.104187 -3.66386 -0.928338 -0.0175479 0.371324 -28.5155
0.359136 -0.115492 0.926112 200.291 0.0328462 0.993263 0.111129 -3.57455 -0.932707 -0.00949119 0.36051 -28.1223
0.351931 -0.121533 0.928102 201.145 0.0332738 0.992533 0.117353 -3.51166 -0.935434 -0.0104186 0.353347 -27.7645
0.343764 -0.128377 0.93024 201.802 0.0510111 0.991702 0.118008 -3.35312 -0.93767 0.00688552 0.34746 -27.5595
0.337154 -0.129642 0.932481 202.443 0.0591145 0.991434 0.116465 -3.20834 -0.939592 0.0158566 0.34193 -27.2569
0.332969 -0.131252 0.933758 203.177 0.0602807 0.991202 0.117831 -3.14846 -0.941009 0.0170534 0.337952 -26.9082
0.333647 -0.135444 0.932917 203.98 0.063473 0.990607 0.121119 -3.19836 -0.940559 0.018804 0.33911 -26.6979
0.334751 -0.134551 0.932651 204.616 0.0591803 0.990801 0.121699 -3.20196 -0.940447 0.0144557 0.339634 -26.5379
0.33689 -0.133622 0.932014 205.46 0.0588287 0.990932 0.120804 -3.03006 -0.939704 0.0141313 0.341696 -26.2807
0.344137 -0.133613 0.929364 206.687 0.0657816 0.990822 0.11809 -2.76238 -0.936612 0.0204958 0.349767 -26.0484
0.343192 -0.130129 0.930207 207.37 0.0606777 0.991359 0.116297 -2.59439 -0.937303 0.0165304 0.348123 -25.7139
0.345185 -0.118515 0.931022 208.258 0.0421133 0.992952 0.110785 -2.27873 -0.937589 0.00096703 0.347744 -25.2625
0.346933 -0.118314 0.930397 208.736 0.0399349 0.992975 0.111381 -2.20808 -0.937039 -0.00148627 0.349221 -25.0341
0.352859 -0.112048 0.928943 209.384 0.0203196 0.993488 0.112115 -2.08867 -0.935456 -0.0206849 0.352838 -24.7446
0.357703 -0.111193 0.927192 210.094 0.00919773 0.993257 0.115567 -1.99172 -0.93379 -0.0328107 0.356313 -24.3959
0.359977 -0.11655 0.925653 210.471 0.00808025 0.992518 0.121827 -1.99372 -0.932926 -0.0363753 0.358225 -24.1552
0.362267 -0.113719 0.925111 211.153 -0.00121538 0.992471 0.122475 -1.93421 -0.932074 -0.0454928 0.359401 -23.837
0.367723 -0.108157 0.923624 211.949 -0.00663332 0.992883 0.118908 -1.84281 -0.929912 -0.0498519 0.364388 -23.5318
0.368557 -0.0954158 0.924696 212.68 -0.0106043 0.994222 0.106817 -1.65394 -0.929545 -0.0491737 0.365415 -23.1763
0.369346 -0.0820154 0.925666 213.374 -0.032247 0.994367 0.100969 -1.46924 -0.928732 -0.0671425 0.364621 -22.7805
0.374824 -0.0862059 0.923079 214.347 -0.0269386 0.994234 0.10379 -1.39205 -0.926704 -0.0637693 0.370341 -22.4121
0.378134 -0.0843919 0.921896 215.189 -0.0273746 0.994381 0.102256 -1.3123 -0.925346 -0.0639028 0.373699 -22.0551
0.381624 -0.0813581 0.92073 215.868 -0.0265331 0.994744 0.0988955 -1.26119 -0.923937 -0.0621707 0.377459 -21.7483
0.386888 -0.082476 0.918431 216.822 -0.0232815 0.994801 0.0991414 -1.15631 -0.921833 -0.059739 0.382956 -21.3643
0.392197 -0.0866892 0.915787 217.551 -0.0175545 0.994663 0.101674 -1.11718 -0.919714 -0.0559523 0.388582 -21.0708
0.396803 -0.0883659 0.91364 218.366 -0.00997751 0.994881 0.100557 -1.01306 -0.917849 -0.0490171 0.393891 -20.7883
0.401922 -0.0854582 0.911677 219.207 -0.0104023 0.995145 0.0978682 -0.881343 -0.915615 -0.0488189 0.399082 -20.4491
0.404098 -0.0826447 0.910975 219.823 -0.0125995 0.995313 0.0958849 -0.815025 -0.914629 -0.0502248 0.401163 -20.1142
0.4045 -0.0846387 0.910613 220.17 -0.0159707 0.994903 0.0995675 -0.796533 -0.914398 -0.0548182 0.401087 -19.7337
0.406772 -0.0792569 0.910085 220.763 -0.0261635 0.99481 0.0983293 -0.625348 -0.913155 -0.0638086 0.402587 -19.3796
0.410651 -0.072531 0.908903 221.364 -0.033749 0.994939 0.0946449 -0.628534 -0.911168 -0.0695406 0.406125 -19.1124
0.413752 -0.0698883 0.907703 222.113 -0.0260443 0.995732 0.0885377 -0.612007 -0.910017 -0.0602731 0.410166 -18.7865
0.416568 -0.0658361 0.906717 222.808 -0.0291389 0.995895 0.0856984 -0.629952 -0.908637 -0.06212 0.41294 -18.4306
0.421624 -0.0623823 0.904622 223.704 -0.042689 0.995159 0.0885221 -0.558934 -0.905765 -0.0759405 0.41692 -18.054
0.425161 -0.0711201 0.902319 224.85 -0.0389943 0.994543 0.0967627 -0.301596 -0.904278 -0.076325 0.420067 -17.5678
0.428154 -0.0837317 0.899818 225.619 -0.0341516 0.993488 0.108698 -0.22829 -0.90306 -0.0772698 0.422506 -17.2567
0.431342 -0.0925418 0.89743 226.373 -0.0331044 0.992432 0.11825 -0.180642 -0.901581 -0.080715 0.425014 -16.9292
0.430892 -0.0963579 0.897244 227.046 -0.0343178 0.991814 0.122995 -0.145968 -0.901751 -0.0837889 0.424058 -16.4772
0.434769 -0.0973155 0.895269 227.906 -0.0174799 0.993045 0.116433 0.00657985 -0.900372 -0.0662704 0.430044 -16.1644
0.437974 -0.0905166 0.894419 228.573 -0.0191761 0.993751 0.109959 0.126244 -0.898783 -0.0653107 0.433501 -15.8599
0.443318 -0.0863919 0.892191 229.349 -0.0171635 0.994344 0.104812 0.210965 -0.8962 -0.0617781 0.439328 -15.5103
0.447295 -0.083376 0.890492 230.11 -0.0141682 0.99486 0.100265 0.293141 -0.894274 -0.0574645 0.443814 -15.1264
0.451428 -0.0820553 0.888526 230.808 -0.0128507 0.995062 0.0984228 0.354871 -0.892215 -0.055849 0.448145 -14.7614
0.457473 -0.0798959 0.885627 231.697 -0.0154872 0.995088 0.0977708 0.482097 -0.889089 -0.0584434 0.453989 -14.4404
0.461665 -0.0843047 0.883039 232.528 -0.011206 0.99484 0.100837 0.637818 -0.886984 -0.0564483 0.458338 -14.0386
0.465669 -0.0983851 0.879473 233.145 0.00401246 0.994025 0.109075 0.688617 -0.88495 -0.0472642 0.463282 -13.8229
0.467382 -0.103653 0.877958 233.817 0.00406254 0.993344 0.115113 0.740528 -0.884046 -0.0502351 0.464692 -13.4361
0.469688 -0.115611 0.87523 234.406 0.0145163 0.992266 0.12328 0.748201 -0.882713 -0.0451982 0.467734 -13.1486
0.471651 -0.122127 0.873287 235.077 0.0135471 0.991249 0.131307 0.801238 -0.881681 -0.0501004 0.469178 -12.8174
0.474299 -0.123836 0.871611 235.731 0.0126141 0.990912 0.133921 0.828196 -0.880273 -0.0525243 0.471551 -12.4881
0.476587 -0.117236 0.871275 236.511 0.013699 0.991938 0.125978 0.936028 -0.879021 -0.0481039 0.474351 -12.013
0.472319 -0.103236 0.875361 237.105 0.0116304 0.993761 0.110924 1.02113 -0.881351 -0.0422106 0.470573 -11.5854
0.473008 -0.0921212 0.876229 237.81 0.00701299 0.994881 0.10081 1.15565 -0.88103 -0.0415388 0.471233 -11.2283
0.474455 -0.0974748 0.874866 238.421 0.0115434 0.994454 0.104539 1.22624 -0.880204 -0.0395 0.472949 -10.9949
0.478549 -0.0962434 0.87277 239.119 -0.00623753 0.993577 0.112985 1.17022 -0.878039 -0.0595129 0.474875 -10.6404
0.481405 -0.100509 0.870717 239.892 0.00154454 0.993499 0.113828 1.26506 -0.876497 -0.0534524 0.47843 -10.2572
0.482032 -0.0934486 0.871156 240.678 -0.00314663 0.994105 0.108378 1.45771 -0.876148 -0.0549831 0.478897 -9.81028
0.481917 -0.0937653 0.871185 240.985 -0.00180519 0.994149 0.107998 1.52217 -0.876215 -0.0536189 0.478928 -9.58513
