0.999974 -0.00101269 -0.00713338 0.0193103 0.00100692 0.999999 -0.000812074 0.0201792 0.0071342 0.00080487 0.999974 0.0785094 0 0 0 1
0.999844 0.000542524 -0.017649 0.0560806 -0.000521574 0.999999 0.00119165 -0.00319197 0.0176496 -0.00118226 0.999844 0.195025 0 0 0 1
0.999699 0.000454654 -0.0245146 0.0264175 -0.000413379 0.999998 0.00168874 -0.0198524 0.0245154 -0.0016781 0.999698 0.305049 0 0 0 1
0.999344 -0.00536542 -0.0358189 0.0971002 0.00545862 0.999982 0.00250468 -0.0351861 0.0358048 -0.00269856 0.999355 0.307756 0 0 0 1
0.99895 -0.00210627 -0.045771 0.02529 0.00212543 0.999998 0.00037003 -0.0194537 0.0457701 -0.000466924 0.998952 0.426137 0 0 0 1
0.998183 -0.00655374 -0.0599027 0.0200465 0.00653412 0.999979 -0.000523441 -0.0266999 0.0599048 0.000131078 0.998204 0.517686 0 0 0 1
0.997022 -0.0073305 -0.0767625 0.00223149 0.00731604 0.999973 -0.000469663 -0.032866 0.0767638 -9.33324e-05 0.997049 0.672303 0 0 0 1
0.995239 -0.00628153 -0.0972587 0.00578689 0.00611039 0.999979 -0.00205735 -0.0101578 0.0972696 0.00145326 0.995257 0.846582 0 0 0 1
0.992592 -0.0093126 -0.121142 0.0450033 0.00925498 0.999957 -0.00103831 -0.0197762 0.121146 -9.05474e-05 0.992635 0.982693 0 0 0 1
0.989428 -0.0104187 -0.144652 -0.0278809 0.0102869 0.999946 -0.00165912 -0.000558936 0.144662 0.000153557 0.989481 1.19058 0 0 0 1
0.985591 -0.00696637 -0.169001 -0.0684816 0.00670311 0.999975 -0.00212824 -0.00941184 0.169012 0.000964748 0.985614 1.33888 0 0 0 1
0.9815 -0.00471799 -0.191402 -0.262688 0.00437212 0.999988 -0.00222928 -0.0469455 0.19141 0.00135121 0.981509 1.63008 0 0 0 1
0.975156 -0.00898465 -0.221339 -0.322689 0.00880277 0.99996 -0.00180816 -0.0471822 0.221346 -0.00018516 0.975195 1.91126 0 0 0 1
0.967674 -0.00678982 -0.252112 -0.331591 0.00689338 0.999976 -0.00047249 -0.096671 0.252109 -0.00128068 0.967698 1.97133 0 0 0 1
0.958988 0.0158856 -0.283 -0.489415 -0.0155859 0.999873 0.00331056 -0.182509 0.283016 0.00123601 0.959114 2.22679 0 0 0 1
0.948253 0.00154035 -0.317512 -0.516621 0.000500446 0.99998 0.00634582 -0.166219 0.317515 -0.00617634 0.948233 2.35572 0 0 0 1
0.936145 -0.0305393 -0.350284 -0.483337 0.0317616 0.999493 -0.00225629 -0.0329759 0.350176 -0.00901339 0.936641 2.40884 0 0 0 1
0.922888 -0.0300261 -0.383895 -0.663815 0.0307526 0.999518 -0.00424711 -0.0119913 0.383838 -0.00788617 0.923367 2.78265 0 0 0 1
0.908824 -0.0317347 -0.41597 -0.832163 0.0313646 0.999478 -0.00772469 0.0241035 0.415998 -0.00602634 0.909346 3.02725 0 0 0 1
0.891788 -0.035549 -0.451055 -0.991431 0.0346123 0.999347 -0.0103291 0.0429305 0.451128 -0.00640065 0.892436 3.33219 0 0 0 1
0.87277 -0.0419711 -0.486324 -1.1371 0.0406782 0.999085 -0.0132216 0.0283523 0.486434 -0.00824333 0.873678 3.5098 0 0 0 1
0.848154 -0.0590453 -0.526449 -1.21806 0.0581636 0.99814 -0.0182426 0.0330366 0.526547 -0.0151477 0.850011 3.67206 0 0 0 1
0.822582 -0.0581151 -0.565668 -1.36519 0.0579545 0.998152 -0.018271 0.0305025 0.565685 -0.0177537 0.82443 3.79912 0 0 0 1
0.790742 -0.0613584 -0.609067 -1.53764 0.061237 0.997902 -0.0210271 0.032042 0.609079 -0.0206705 0.79284 4.01179 0 0 0 1
0.756453 -0.0574179 -0.651523 -1.66924 0.0557863 0.998173 -0.0231969 0.00218372 0.651665 -0.0187987 0.758274 4.17475 0 0 0 1
0.717307 -0.0602916 -0.694144 -1.84817 0.0499783 0.998135 -0.0350494 0.0569626 0.694963 -0.009551 0.718982 4.32364 0 0 0 1
0.668418 -0.0607777 -0.741299 -2.02827 0.0566095 0.997922 -0.0307739 -0.0158173 0.741629 -0.0213947 0.67047 4.60576 0 0 0 1
0.622107 -0.0643023 -0.780287 -2.27977 0.0650969 0.997419 -0.0302953 -0.0727668 0.780221 -0.0319474 0.624688 4.80228 0 0 0 1
0.571957 -0.0644796 -0.817746 -2.53391 0.0652911 0.997321 -0.0329726 -0.0838264 0.817681 -0.0345326 0.574635 4.98836 0 0 0 1
0.521743 -0.0639316 -0.850704 -2.87427 0.0651506 0.997262 -0.0349883 -0.100981 0.850611 -0.0371689 0.52448 5.11623 0 0 0 1
0.467509 -0.0617459 -0.881829 -3.17713 0.0686204 0.997082 -0.0334363 -0.139338 0.881321 -0.0448798 0.470382 5.2557 0 0 0 1
0.412469 -0.0643268 -0.908698 -3.47522 0.056036 0.997406 -0.0451711 -0.092361 0.909247 -0.0322881 0.415004 5.35432 0 0 0 1
0.358213 -0.0623611 -0.931555 -3.72003 0.0537711 0.997489 -0.0460982 -0.121289 0.93209 -0.0335777 0.360667 5.39825 0 0 0 1
0.301467 -0.0602251 -0.951573 -4.03176 0.0526294 0.997533 -0.0464604 -0.152706 0.952023 -0.0360745 0.303892 5.46536 0 0 0 1
0.243194 -0.0556264 -0.968381 -4.34972 0.0561003 0.99749 -0.0432097 -0.179572 0.968354 -0.0438182 0.245704 5.54356 0 0 0 1
0.193067 -0.0513211 -0.979843 -4.41016 0.0638678 0.997171 -0.0396443 -0.266131 0.979105 -0.0549263 0.195798 5.38772 0 0 0 1
0.141399 -0.0518469 -0.988594 -4.85003 0.0638365 0.997027 -0.0431586 -0.265835 0.987892 -0.0570058 0.144288 5.41722 0 0 0 1
0.0934266 -0.0525908 -0.994236 -5.29649 0.0550886 0.997347 -0.0475788 -0.243636 0.994101 -0.050326 0.0960759 5.46718 0 0 0 1
0.0525267 -0.0532856 -0.997197 -5.55677 0.0484727 0.997534 -0.0507503 -0.246994 0.997442 -0.0456711 0.05498 5.43135 0 0 0 1
0.0129139 -0.0573694 -0.998269 -6.10658 0.0455491 0.99735 -0.0567273 -0.271382 0.998879 -0.0447377 0.0154928 5.46678 0 0 0 1
-0.0238012 -0.0575293 -0.99806 -6.57187 0.0499658 0.997027 -0.0586613 -0.327734 0.998467 -0.0512651 -0.0208559 5.46386 0 0 0 1
-0.0582504 -0.0579978 -0.996616 -7.17365 0.0521147 0.996773 -0.0610529 -0.375129 0.996941 -0.0554947 -0.0550399 5.49072 0 0 0 1
-0.0855841 -0.056894 -0.994705 -7.66597 0.0547152 0.996593 -0.0617096 -0.443332 0.994827 -0.0597069 -0.0821795 5.44512 0 0 0 1
-0.106225 -0.0593781 -0.992568 -8.14378 0.0535081 0.996428 -0.0653354 -0.491829 0.992901 -0.0600507 -0.102668 5.35971 0 0 0 1
-0.124153 -0.0562287 -0.990669 -8.82213 0.0644547 0.995828 -0.0645992 -0.534667 0.990168 -0.0718734 -0.12001 5.26175 0 0 0 1
-0.13573 -0.0560995 -0.989156 -9.42912 0.0661615 0.995654 -0.0655466 -0.553933 0.988534 -0.0743407 -0.131429 5.08864 0 0 0 1
-0.145082 -0.0568718 -0.987784 -9.87577 0.0572341 0.996193 -0.0657623 -0.610509 0.987763 -0.0660758 -0.141275 5.08671 0 0 0 1
-0.151137 -0.0561585 -0.986916 -10.4392 0.0501923 0.996661 -0.0643995 -0.673398 0.987238 -0.0592687 -0.147814 4.98987 0 0 0 1
-0.155378 -0.0547413 -0.986337 -11.0659 0.0494738 0.996779 -0.0631145 -0.729842 0.986615 -0.0586044 -0.152169 4.87523 0 0 0 1
-0.153979 -0.0563876 -0.986464 -11.6211 0.0487632 0.99672 -0.0645854 -0.754266 0.98687 -0.058048 -0.150725 4.74872 0 0 0 1
-0.154874 -0.051483 -0.986592 -12.2471 0.0595275 0.99634 -0.0613362 -0.776621 0.986139 -0.0682287 -0.151242 4.66288 0 0 0 1
-0.151979 -0.0457668 -0.987324 -12.8311 0.0632687 0.996428 -0.0559278 -0.852894 0.986357 -0.0709665 -0.148541 4.54428 0 0 0 1
-0.144364 -0.0474952 -0.988384 -13.3636 0.056933 0.996794 -0.056215 -0.902543 0.987885 -0.0643871 -0.141197 4.41438 0 0 0 1
-0.139908 -0.0491508 -0.988944 -13.9119 0.0526427 0.996985 -0.0569979 -0.956416 0.988764 -0.0600352 -0.136899 4.2739 0 0 0 1
-0.142623 -0.0470521 -0.988658 -14.7073 0.0691783 0.995953 -0.0573789 -0.924765 0.987357 -0.0765772 -0.138791 4.18672 0 0 0 1
-0.142498 -0.043257 -0.988849 -15.393 0.0640187 0.99655 -0.0528193 -1.01337 0.987723 -0.0708315 -0.139237 4.14028 0 0 0 1
-0.139163 -0.0396841 -0.989474 -16.0543 0.0594656 0.997059 -0.0483518 -1.06021 0.988482 -0.0655684 -0.136394 4.01187 0 0 0 1
-0.13552 -0.0381862 -0.990038 -16.7538 0.0605589 0.997069 -0.0467469 -1.08177 0.988922 -0.0662907 -0.13281 3.87733 0 0 0 1
-0.134621 -0.0395903 -0.990106 -17.3557 0.0578635 0.997182 -0.0477407 -1.0746 0.989206 -0.0637179 -0.131951 3.88174 0 0 0 1
-0.134097 -0.0460406 -0.989898 -18.1566 0.0670609 0.996209 -0.0554185 -1.02861 0.988697 -0.0738149 -0.130501 3.78667 0 0 0 1
-0.13153 -0.0472249 -0.990187 -19.0544 0.0700502 0.995925 -0.0568036 -1.07948 0.988834 -0.0768341 -0.127686 3.60048 0 0 0 1
-0.130299 -0.0458957 -0.990412 -20.1761 0.0643679 0.996429 -0.0546429 -1.19184 0.989383 -0.0708706 -0.12688 3.48215 0 0 0 1
-0.13012 -0.0414287 -0.990632 -20.9979 0.0781954 0.995586 -0.0519068 -1.20648 0.98841 -0.084217 -0.126306 3.36401 0 0 0 1
-0.130978 -0.0392188 -0.990609 -21.8508 0.0816998 0.995391 -0.0502105 -1.26315 0.988013 -0.0875091 -0.12717 3.32241 0 0 0 1
-0.129739 -0.0425222 -0.990636 -22.7153 0.081861 0.99521 -0.0534395 -1.3532 0.988163 -0.0880276 -0.125637 3.18483 0 0 0 1
-0.129699 -0.050559 -0.990264 -23.4542 0.0771606 0.995156 -0.0609148 -1.39479 0.988547 -0.08431 -0.12517 3.16728 0 0 0 1
-0.119532 -0.0610961 -0.990949 -24.7404 0.0974025 0.992568 -0.072945 -1.31947 0.988041 -0.10524 -0.112693 2.58935 0 0 0 1
-0.119468 -0.0611327 -0.990954 -25.7022 0.0983069 0.992469 -0.0730779 -1.38723 0.987959 -0.106148 -0.112559 2.45198 0 0 0 1
-0.121745 -0.0533987 -0.991124 -26.326 0.0918833 0.993658 -0.0648217 -1.42826 0.988299 -0.0989594 -0.116066 2.55634 0 0 0 1
-0.121929 -0.0499542 -0.991281 -27.2949 0.0909052 0.993973 -0.0612713 -1.39227 0.988367 -0.0975833 -0.116653 2.40287 0 0 0 1
-0.124615 -0.0431244 -0.991268 -28.0243 0.0855254 0.99487 -0.0540327 -1.50459 0.988512 -0.0915118 -0.120287 2.40991 0 0 0 1
-0.121047 -0.0435723 -0.99169 -28.9188 0.0865566 0.994768 -0.0542727 -1.55329 0.988866 -0.0924068 -0.116642 2.21069 0 0 0 1
-0.123684 -0.0457921 -0.991265 -29.7309 0.0850246 0.994772 -0.056563 -1.63225 0.988672 -0.0912778 -0.119144 2.1836 0 0 0 1
-0.119796 -0.0521881 -0.991426 -30.5333 0.0809521 0.994779 -0.0621462 -1.66743 0.989493 -0.0877028 -0.114946 2.04218 0 0 0 1
-0.122055 -0.0539616 -0.991055 -31.4066 0.082689 0.994497 -0.0643326 -1.67167 0.989073 -0.0898015 -0.116921 1.97393 0 0 0 1
-0.121951 -0.0522 -0.991162 -32.1573 0.0793666 0.994905 -0.0621623 -1.70144 0.989358 -0.086246 -0.117187 1.90887 0 0 0 1
-0.12747 -0.0571955 -0.990192 -32.6893 0.081083 0.994393 -0.0678762 -1.71771 0.988523 -0.0889399 -0.122118 1.92055 0 0 0 1
-0.119901 -0.0571661 -0.991139 -33.5586 0.0885042 0.99375 -0.0680234 -1.80147 0.988833 -0.095876 -0.114093 1.65346 0 0 0 1
-0.119933 -0.0613436 -0.990885 -34.4058 0.08784 0.993519 -0.0721385 -1.90554 0.988888 -0.0956912 -0.113768 1.56292 0 0 0 1
-0.12021 -0.0611588 -0.990863 -35.2604 0.0901422 0.993305 -0.0722454 -1.96401 0.988648 -0.0980031 -0.113892 1.47182 0 0 0 1
-0.12381 -0.0611088 -0.990423 -35.9803 0.0912163 0.993175 -0.0726813 -1.98635 0.988105 -0.0993414 -0.117391 1.49264 0 0 0 1
-0.123841 -0.0563953 -0.990698 -36.8815 0.0906138 0.99357 -0.0678858 -2.05929 0.988156 -0.098178 -0.117934 1.38807 0 0 0 1
-0.124484 -0.0527038 -0.990821 -37.712 0.0941252 0.993458 -0.0646696 -2.08775 0.987747 -0.101312 -0.118709 1.29861 0 0 0 1
-0.1245 -0.04889 -0.991014 -38.4888 0.0931037 0.993803 -0.0607241 -2.17368 0.987842 -0.0998273 -0.119177 1.20908 0 0 0 1
-0.124636 -0.0488788 -0.990998 -39.2763 0.094268 0.993684 -0.0608673 -2.24484 0.987714 -0.101006 -0.119241 1.10756 0 0 0 1
-0.127452 -0.0534259 -0.990405 -40.0872 0.0933128 0.993473 -0.0655996 -2.29496 0.987446 -0.100778 -0.121635 1.07605 0 0 0 1
-0.12808 -0.0616792 -0.989844 -40.9371 0.0960636 0.9926 -0.074281 -2.21219 0.9871 -0.104602 -0.121208 0.960959 0 0 0 1
-0.127647 -0.0675505 -0.989517 -41.6459 0.0914603 0.992625 -0.079561 -2.25539 0.987594 -0.100657 -0.120527 0.859832 0 0 0 1
-0.128535 -0.0684565 -0.989339 -42.4584 0.0904817 0.992644 -0.0804406 -2.36485 0.987569 -0.0998566 -0.121396 0.761026 0 0 0 1
-0.127518 -0.0727665 -0.989163 -43.3735 0.0885138 0.992491 -0.084422 -2.44209 0.987879 -0.0983199 -0.12012 0.591502 0 0 0 1
-0.128903 -0.0762886 -0.988718 -44.2715 0.092277 0.991788 -0.088556 -2.53805 0.987355 -0.102651 -0.120805 0.466078 0 0 0 1
-0.130737 -0.0815008 -0.988061 -45.1168 0.0971618 0.990764 -0.0945799 -2.5676 0.986644 -0.108367 -0.121611 0.378601 0 0 0 1
-0.137235 -0.0750221 -0.987693 -45.9997 0.117258 0.988886 -0.0914051 -2.69235 0.983574 -0.128359 -0.126913 0.334886 0 0 0 1
-0.139215 -0.0694096 -0.987827 -46.9271 0.119979 0.98901 -0.0864014 -2.77948 0.982967 -0.130547 -0.129357 0.209842 0 0 0 1
-0.138934 -0.0682341 -0.987948 -47.7599 0.11591 0.989646 -0.0846517 -2.83009 0.983495 -0.126274 -0.129587 0.081172 0 0 0 1
-0.146604 -0.0672462 -0.986907 -48.6439 0.121973 0.988844 -0.0854972 -2.90593 0.981646 -0.13291 -0.136767 0.069973 0 0 0 1
-0.148133 -0.0735753 -0.986227 -49.4399 0.114359 0.989265 -0.090979 -2.98151 0.982333 -0.126261 -0.138129 -0.0386959 0 0 0 1
-0.147645 -0.0783675 -0.985931 -50.3151 0.10339 0.990171 -0.0941874 -3.05044 0.983622 -0.115842 -0.138092 -0.159631 0 0 0 1
-0.147242 -0.0797818 -0.985878 -51.1118 0.0974563 0.990721 -0.0947289 -3.13744 0.984288 -0.110028 -0.1381 -0.274391 0 0 0 1
-0.145816 -0.0758355 -0.986401 -51.8189 0.101875 0.990606 -0.0912186 -3.2696 0.984052 -0.113791 -0.13672 -0.429072 0 0 0 1
-0.149318 -0.0721272 -0.986155 -52.5963 0.110187 0.98991 -0.0890857 -3.38582 0.982631 -0.121964 -0.139864 -0.519798 0 0 0 1
-0.149953 -0.072596 -0.986024 -53.2603 0.105485 0.990434 -0.0889626 -3.45492 0.98305 -0.117351 -0.140861 -0.591846 0 0 0 1
-0.150579 -0.0722977 -0.985951 -53.9057 0.108639 0.990072 -0.0891917 -3.50562 0.982611 -0.120543 -0.14123 -0.690013 0 0 0 1
-0.152325 -0.0686135 -0.985946 -54.7329 0.117594 0.989242 -0.0870108 -3.59642 0.98131 -0.129196 -0.142617 -0.822473 0 0 0 1
-0.151462 -0.0674713 -0.986158 -55.5012 0.110687 0.990235 -0.0847505 -3.66043 0.982246 -0.121991 -0.142515 -0.954196 0 0 0 1
-0.151475 -0.0632085 -0.986438 -56.2723 0.108493 0.990861 -0.0801518 -3.74006 0.982489 -0.119163 -0.143233 -1.06085 0 0 0 1
-0.153643 -0.0609968 -0.986242 -57.0582 0.107553 0.991131 -0.0780545 -3.80333 0.982256 -0.118066 -0.14572 -1.14352 0 0 0 1
-0.156135 -0.064258 -0.985643 -57.8251 0.101049 0.991607 -0.0806539 -3.84759 0.982553 -0.112191 -0.148331 -1.24426 0 0 0 1
-0.15577 -0.0676177 -0.985476 -58.3475 0.0905965 0.992471 -0.0824178 -3.93735 0.98363 -0.102119 -0.148472 -1.2272 0 0 0 1
-0.148474 -0.0690747 -0.986501 -59.0205 0.0912154 0.992348 -0.0832125 -4.04434 0.984701 -0.102339 -0.141037 -1.41392 0 0 0 1
-0.148285 -0.071662 -0.986345 -59.802 0.0932364 0.991916 -0.0860837 -4.13589 0.98454 -0.104728 -0.140405 -1.55322 0 0 0 1
-0.14343 -0.0740635 -0.986885 -60.5888 0.0949307 0.991568 -0.0882118 -4.21908 0.985097 -0.106338 -0.13519 -1.77055 0 0 0 1
-0.141992 -0.0750532 -0.987018 -61.2879 0.0938352 0.991611 -0.0889016 -4.28519 0.98541 -0.10524 -0.133758 -1.83624 0 0 0 1
-0.136332 -0.0703317 -0.988164 -61.9298 0.0926716 0.992197 -0.0834042 -4.41138 0.986319 -0.102945 -0.12875 -1.95378 0 0 0 1
-0.131135 -0.0672891 -0.989078 -62.4293 0.0942095 0.992333 -0.080001 -4.48909 0.986878 -0.103671 -0.12379 -1.97119 0 0 0 1
-0.121932 -0.067999 -0.990206 -63.0839 0.09526 0.992243 -0.079869 -4.50939 0.987956 -0.104066 -0.114509 -2.1032 0 0 0 1
-0.11342 -0.0664086 -0.991325 -63.7157 0.0965051 0.992309 -0.0775159 -4.58542 0.988849 -0.10446 -0.106139 -2.15253 0 0 0 1
-0.107532 -0.0624671 -0.992237 -64.1212 0.100085 0.992274 -0.0733159 -4.59191 0.989151 -0.107191 -0.100449 -2.02278 0 0 0 1
-0.0969342 -0.0633821 -0.993271 -64.7093 0.0978586 0.992528 -0.0728848 -4.60211 0.990468 -0.104265 -0.0900074 -1.98173 0 0 0 1
-0.0807057 -0.0622796 -0.99479 -65.3527 0.105554 0.9919 -0.070662 -4.71513 0.991133 -0.110707 -0.0734781 -1.95821 0 0 0 1
-0.0637148 -0.0602592 -0.996147 -65.8739 0.113057 0.991314 -0.0671981 -4.72625 0.991544 -0.116903 -0.0563486 -1.87089 0 0 0 1
-0.0397429 -0.0621606 -0.997275 -66.4754 0.115544 0.991082 -0.0663792 -4.70928 0.992507 -0.117868 -0.0322062 -1.84731 0 0 0 1
-0.0130984 -0.0654158 -0.997772 -67.0647 0.121587 0.990349 -0.0665252 -4.69329 0.992494 -0.122188 -0.00501825 -1.80794 0 0 0 1
0.0240531 -0.06209 -0.997781 -67.4702 0.127449 0.990116 -0.0585407 -4.78058 0.991553 -0.125758 0.0317286 -1.89104 0 0 0 1
0.0598552 -0.0620883 -0.996274 -67.788 0.133579 0.989585 -0.0536462 -4.83412 0.989229 -0.12987 0.0675255 -1.85279 0 0 0 1
0.101895 -0.0615202 -0.992891 -68.2551 0.13755 0.98937 -0.047186 -4.8722 0.98524 -0.131764 0.109274 -1.78199 0 0 0 1
0.147066 -0.0604387 -0.987278 -68.6584 0.141332 0.989174 -0.0395017 -4.89594 0.978977 -0.133725 0.154016 -1.71411 0 0 0 1
0.197938 -0.0569359 -0.97856 -69.0587 0.148316 0.988557 -0.0275171 -4.98019 0.968929 -0.139689 0.204117 -1.63345 0 0 0 1
0.249461 -0.0604967 -0.966493 -69.4524 0.158873 0.98708 -0.0207787 -5.02693 0.955264 -0.148366 0.255849 -1.55366 0 0 0 1
0.299713 -0.0613283 -0.952056 -69.912 0.171199 0.98519 -0.0095683 -5.13996 0.938543 -0.160123 0.305774 -1.31461 0 0 0 1
0.354472 -0.0638978 -0.932881 -70.1814 0.181842 0.983326 0.00174268 -5.19949 0.917215 -0.170255 0.360181 -1.17236 0 0 0 1
0.409875 -0.0659355 -0.909755 -70.6575 0.175338 0.984479 0.0076443 -5.07204 0.895131 -0.162648 0.415074 -1.0061 0 0 0 1
0.456595 -0.0672947 -0.887126 -70.951 0.17997 0.983507 0.018023 -5.07708 0.871282 -0.167885 0.461176 -0.790506 0 0 0 1
0.507324 -0.0767834 -0.858328 -71.3941 0.187877 0.981918 0.0232072 -4.96725 0.841026 -0.173033 0.512577 -0.616157 0 0 0 1
0.550342 -0.0717493 -0.831851 -71.6164 0.190402 0.980834 0.0413682 -5.07626 0.81294 -0.181153 0.553455 -0.290668 0 0 0 1
0.594409 -0.0763972 -0.800526 -71.8867 0.191252 0.980344 0.048451 -5.07775 0.781089 -0.181902 0.597337 -0.038654 0 0 0 1
0.63728 -0.0977824 -0.764403 -72.2299 0.19769 0.979468 0.03952 -4.95497 0.744844 -0.1763 0.643526 0.26372 0 0 0 1
0.681546 -0.102403 -0.724575 -72.6006 0.186803 0.981702 0.036968 -4.91604 0.70753 -0.160548 0.688204 0.615056 0 0 0 1
0.725193 -0.10398 -0.680649 -72.9899 0.174135 0.984093 0.0351956 -4.86505 0.666162 -0.144049 0.731764 0.995936 0 0 0 1
0.764097 -0.104988 -0.6365 -73.2648 0.169197 0.984742 0.0406866 -4.83495 0.622517 -0.138783 0.770203 1.38668 0 0 0 1
0.801664 -0.109902 -0.587585 -73.6624 0.169206 0.984473 0.0467188 -4.77742 0.573327 -0.136876 0.807813 1.85474 0 0 0 1
0.837529 -0.105429 -0.536125 -74.0878 0.158936 0.985787 0.0544336 -4.773 0.522767 -0.130799 0.842381 2.37331 0 0 0 1
0.861648 -0.124514 -0.491996 -74.1877 0.174234 0.983091 0.056342 -4.60387 0.476661 -0.134269 0.868773 2.78601 0 0 0 1
0.887218 -0.124086 -0.44435 -74.3181 0.170512 0.983149 0.0659081 -4.56009 0.428684 -0.134242 0.893425 3.20973 0 0 0 1
0.90852 -0.116567 -0.401252 -74.6573 0.158543 0.984655 0.0729258 -4.48966 0.386594 -0.12987 0.91306 3.95889 0 0 0 1
0.923613 -0.111579 -0.366727 -74.8388 0.15086 0.9853 0.0801607 -4.38844 0.352392 -0.129362 0.926869 4.6421 0 0 0 1
0.934579 -0.103981 -0.340222 -74.8977 0.141439 0.986104 0.087147 -4.37045 0.326432 -0.129566 0.936298 5.07009 0 0 0 1
0.943065 -0.109908 -0.313923 -74.8942 0.146447 0.984625 0.0952162 -4.36643 0.298632 -0.135768 0.944662 5.34856 0 0 0 1
0.952559 -0.0920788 -0.29009 -75.189 0.126647 0.986617 0.102702 -4.37723 0.276751 -0.134568 0.951473 6.02314 0 0 0 1
0.954787 -0.112406 -0.275221 -75.3278 0.144554 0.984492 0.0993957 -4.1493 0.25978 -0.134686 0.956229 6.63274 0 0 0 1
0.960202 -0.10754 -0.257775 -75.6093 0.137732 0.9852 0.102034 -4.06232 0.242988 -0.133477 0.960802 7.34279 0 0 0 1
0.961941 -0.111933 -0.249282 -75.6691 0.140908 0.984801 0.101545 -3.93954 0.234127 -0.132807 0.963092 7.92615 0 0 0 1
0.962392 -0.124077 -0.241672 -75.6738 0.15227 0.983099 0.101641 -3.81865 0.224976 -0.134618 0.96502 8.4918 0 0 0 1
0.967129 -0.120855 -0.223731 -75.8219 0.147663 0.983211 0.1072 -3.74043 0.207019 -0.136713 0.968738 9.12753 0 0 0 1
0.968154 -0.134969 -0.210859 -76.0397 0.160297 0.981146 0.107974 -3.53024 0.19231 -0.138336 0.971535 9.93949 0 0 0 1
0.971479 -0.131889 -0.197062 -76.1798 0.155974 0.981378 0.11211 -3.48065 0.178606 -0.139649 0.97396 10.6114 0 0 0 1
0.973468 -0.135258 -0.184569 -76.3823 0.157603 0.981101 0.11226 -3.37314 0.165897 -0.13837 0.976387 11.5692 0 0 0 1
0.975848 -0.134981 -0.171759 -76.5595 0.154762 0.982088 0.107483 -3.28474 0.154174 -0.131469 0.979258 12.3281 0 0 0 1
0.978567 -0.12998 -0.159726 -76.7003 0.146504 0.984501 0.0964048 -3.09209 0.14472 -0.117739 0.982443 13.0035 0 0 0 1
0.977669 -0.143781 -0.153267 -76.7953 0.159576 0.982484 0.0962311 -2.91527 0.136747 -0.11854 0.983488 13.7772 0 0 0 1
0.982677 -0.118074 -0.142846 -76.9687 0.134389 0.984746 0.110525 -3.01764 0.127617 -0.127807 0.983554 14.4324 0 0 0 1
0.983617 -0.114273 -0.139426 -77.0265 0.131306 0.984078 0.119787 -2.96163 0.123517 -0.136132 0.982961 15.0929 0 0 0 1
0.983782 -0.116737 -0.136184 -77.1616 0.133514 0.983588 0.12136 -2.7679 0.119782 -0.137574 0.983222 15.8351 0 0 0 1
0.983006 -0.124911 -0.134523 -77.2669 0.141449 0.982482 0.121334 -2.6821 0.117011 -0.1383 0.983454 16.6589 0 0 0 1
0.982808 -0.127858 -0.133192 -77.2764 0.143805 0.982556 0.117911 -2.48151 0.115793 -0.135038 0.984051 17.3992 0 0 0 1
0.982419 -0.132734 -0.131278 -77.3726 0.148879 0.981307 0.121951 -2.42316 0.112637 -0.139351 0.983816 18.1859 0 0 0 1
0.983027 -0.133653 -0.125673 -77.5034 0.149348 0.980841 0.125086 -2.38251 0.106547 -0.141732 0.984154 18.7862 0 0 0 1
0.98313 -0.135499 -0.122863 -77.541 0.151279 0.979932 0.129802 -2.37237 0.102809 -0.146199 0.983898 19.371 0 0 0 1
0.983844 -0.132492 -0.120403 -77.5098 0.14766 0.980815 0.127277 -2.33219 0.10123 -0.142999 0.984532 19.9427 0 0 0 1
0.985914 -0.117938 -0.118593 -77.6085 0.132181 0.983883 0.120424 -2.29834 0.102479 -0.134404 0.985613 20.8482 0 0 0 1
0.985212 -0.124523 -0.117691 -77.6535 0.137955 0.983873 0.113856 -2.25383 0.101616 -0.128408 0.986502 21.6479 0 0 0 1
0.985586 -0.125102 -0.113884 -77.7634 0.137632 0.984383 0.109758 -2.17831 0.0983746 -0.12385 0.987413 22.3724 0 0 0 1
0.986289 -0.122155 -0.110962 -77.8597 0.134569 0.984521 0.112291 -2.10137 0.0955273 -0.125683 0.98746 23.1714 0 0 0 1
0.986817 -0.119488 -0.10916 -77.9628 0.132043 0.984417 0.116133 -2.037 0.0935824 -0.129016 0.987217 23.9421 0 0 0 1
0.987242 -0.118449 -0.106408 -78.0566 0.131187 0.983823 0.121996 -1.96727 0.0902366 -0.134399 0.98681 24.75 0 0 0 1
0.987424 -0.120826 -0.101953 -78.1967 0.133213 0.983171 0.125018 -1.91567 0.0851322 -0.137027 0.986902 25.3899 0 0 0 1
0.987339 -0.121402 -0.102091 -78.2985 0.133769 0.98315 0.124586 -1.84697 0.0852462 -0.136665 0.986943 26.0156 0 0 0 1
0.988135 -0.118012 -0.0982932 -78.406 0.130078 0.983327 0.127075 -1.83098 0.081658 -0.138353 0.987011 26.5964 0 0 0 1
0.987648 -0.12396 -0.095845 -78.5686 0.135434 0.982959 0.124299 -1.66867 0.0788036 -0.135744 0.987605 27.5358 0 0 0 1
0.989457 -0.110377 -0.0937611 -78.6584 0.121355 0.985228 0.120826 -1.59058 0.0790397 -0.13093 0.988236 28.2589 0 0 0 1
0.989454 -0.112237 -0.0915598 -78.735 0.122464 0.985785 0.11502 -1.47067 0.0773488 -0.12502 0.989135 28.9907 0 0 0 1
0.99065 -0.0994358 -0.0934037 -78.7183 0.109999 0.987169 0.115745 -1.4294 0.0806961 -0.124937 0.988878 29.6202 0 0 0 1
0.992419 -0.0838324 -0.0898703 -78.9013 0.0939613 0.988896 0.115138 -1.37086 0.0792201 -0.122709 0.989276 30.5454 0 0 0 1
0.992816 -0.0790378 -0.0898305 -79.003 0.0891788 0.989338 0.11514 -1.2984 0.0797723 -0.122324 0.989279 31.3675 0 0 0 1
0.991997 -0.0863947 -0.0920739 -79.0929 0.0966772 0.988789 0.113793 -1.17047 0.0812105 -0.121784 0.989229 32.1566 0 0 0 1
0.991921 -0.0833507 -0.0956362 -79.1688 0.0941085 0.988999 0.114124 -1.101 0.0850719 -0.122202 0.988853 32.9656 0 0 0 1
0.991872 -0.0808248 -0.0982746 -79.238 0.0917787 0.989393 0.112594 -1.01855 0.0881319 -0.120698 0.988769 33.6955 0 0 0 1
0.992372 -0.0750597 -0.0977928 -79.4179 0.0854422 0.990612 0.10671 -0.936353 0.0888651 -0.114252 0.989469 34.6245 0 0 0 1
0.990606 -0.0910943 -0.101991 -79.3827 0.101672 0.989385 0.103828 -0.802364 0.09145 -0.113223 0.989352 35.2865 0 0 0 1
0.988557 -0.104621 -0.108672 -79.3382 0.115845 0.987944 0.102693 -0.75933 0.0966181 -0.114107 0.988759 35.8645 0 0 0 1
0.987972 -0.108533 -0.110148 -79.4469 0.120143 0.987198 0.104903 -0.677074 0.097352 -0.116875 0.988364 36.6887 0 0 0 1
0.987663 -0.109374 -0.112068 -79.5424 0.121034 0.987275 0.103144 -0.576928 0.0993611 -0.115436 0.988333 37.5068 0 0 0 1
0.98845 -0.101127 -0.112875 -79.688 0.113097 0.987996 0.105227 -0.556172 0.100879 -0.116777 0.988022 38.4171 0 0 0 1
0.989276 -0.0927957 -0.112793 -79.8428 0.104936 0.988713 0.106939 -0.502334 0.101597 -0.117628 0.987847 39.3189 0 0 0 1
0.989489 -0.08961 -0.113499 -79.9407 0.102034 0.988808 0.108849 -0.404451 0.102474 -0.119285 0.987558 40.135 0 0 0 1
0.988093 -0.0998716 -0.117039 -79.8969 0.113072 0.987234 0.112174 -0.360921 0.104342 -0.124073 0.986772 40.7742 0 0 0 1
0.986845 -0.109802 -0.11866 -79.7576 0.123367 0.985819 0.11376 -0.201661 0.104486 -0.126902 0.986397 41.1841 0 0 0 1
0.988803 -0.0964263 -0.113889 -79.8792 0.108831 0.988149 0.10825 -0.148846 0.102101 -0.119433 0.987578 42.0161 0 0 0 1
0.989041 -0.0962763 -0.111936 -79.9393 0.108151 0.988536 0.105355 -0.029938 0.10051 -0.116307 0.988115 42.7457 0 0 0 1
0.988713 -0.101522 -0.110183 -79.9892 0.113134 0.988035 0.104823 0.036944 0.0982231 -0.116105 0.988368 43.558 0 0 0 1
0.988853 -0.102182 -0.108298 -80.1293 0.113473 0.988104 0.103801 0.120323 0.0964027 -0.114933 0.988684 44.5426 0 0 0 1
0.988617 -0.105052 -0.10771 -80.2044 0.116712 0.987236 0.108366 0.143056 0.094951 -0.119703 0.988259 45.3518 0 0 0 1
0.985098 -0.130565 -0.111959 -80.0729 0.142463 0.984127 0.10582 0.411483 0.0963654 -0.120193 0.988062 45.8904 0 0 0 1
0.98669 -0.119036 -0.110785 -80.0499 0.130925 0.985594 0.107069 0.408403 0.0964439 -0.120149 0.98806 46.549 0 0 0 1
0.985993 -0.131992 -0.101963 -80.4107 0.14225 0.984674 0.100901 0.5962 0.0870818 -0.113992 0.989658 47.6345 0 0 0 1
0.987512 -0.122426 -0.0991514 -80.4012 0.133284 0.984785 0.111508 0.373283 0.0839913 -0.123331 0.988805 48.2354 0 0 0 1
0.988298 -0.117495 -0.0972695 -80.5109 0.127595 0.986242 0.105101 0.452131 0.0835824 -0.116283 0.989693 49.1491 0 0 0 1
0.984939 -0.140619 -0.100609 -80.4763 0.150653 0.98349 0.100253 0.669024 0.0848507 -0.1139 0.989862 49.8551 0 0 0 1
0.985383 -0.140366 -0.0965322 -80.5713 0.149825 0.983751 0.0989286 0.778381 0.0810774 -0.111945 0.990401 50.6572 0 0 0 1
0.983367 -0.152277 -0.0989985 -80.6585 0.162133 0.98163 0.100577 0.97071 0.0818643 -0.114955 0.989992 51.6066 0 0 0 1
0.984328 -0.144339 -0.101317 -80.6533 0.155363 0.981604 0.110979 0.975013 0.0834343 -0.12498 0.988645 52.3154 0 0 0 1
0.984345 -0.142284 -0.104023 -80.6935 0.154317 0.980876 0.11861 1.03141 0.0851578 -0.132805 0.987477 53.0826 0 0 0 1
0.988221 -0.118286 -0.0970954 -81.0036 0.128872 0.98541 0.111173 1.02947 0.0825286 -0.122376 0.989047 54.0827 0 0 0 1
0.988696 -0.108996 -0.102953 -80.9532 0.119357 0.987751 0.100504 1.09672 0.0907371 -0.111657 0.989596 54.8285 0 0 0 1
0.989201 -0.102531 -0.104731 -81.053 0.112922 0.988695 0.0986406 1.13553 0.0934338 -0.109402 0.989597 55.653 0 0 0 1
0.987034 -0.118481 -0.10829 -81.1679 0.129005 0.986989 0.0959686 1.2923 0.0955102 -0.108694 0.989476 56.4898 0 0 0 1
0.987896 -0.109181 -0.110184 -81.4117 0.119436 0.988644 0.0912028 1.33722 0.0989747 -0.103259 0.989718 57.4914 0 0 0 1
0.986924 -0.112901 -0.115044 -81.4132 0.123185 0.988601 0.086571 1.42546 0.103959 -0.0996106 0.989581 58.1876 0 0 0 1
0.988715 -0.0980979 -0.113221 -81.6217 0.107856 0.990651 0.083535 1.40436 0.103968 -0.0948038 0.990052 59.0589 0 0 0 1
0.989653 -0.085031 -0.11557 -81.7519 0.0948015 0.992126 0.0818479 1.47044 0.1077 -0.0919572 0.989921 59.8283 0 0 0 1
0.989669 -0.081377 -0.118035 -81.9417 0.0915464 0.992298 0.0834534 1.526 0.110334 -0.0933969 0.989497 60.8068 0 0 0 1
0.989368 -0.0800254 -0.121437 -82.1183 0.0909422 0.992032 0.087185 1.62409 0.113493 -0.0973019 0.988763 61.6852 0 0 0 1
0.988821 -0.0785479 -0.126743 -82.1418 0.0906398 0.991566 0.0926366 1.61161 0.118398 -0.103089 0.9876 62.3689 0 0 0 1
0.986683 -0.0913098 -0.134606 -82.2896 0.104354 0.990158 0.0932608 1.79883 0.124766 -0.106066 0.986501 63.2747 0 0 0 1
0.986872 -0.0873229 -0.135864 -82.6671 0.100305 0.99071 0.0918288 1.88476 0.126583 -0.104251 0.986463 64.0297 0 0 0 1
0.985932 -0.090181 -0.140732 -82.8263 0.104078 0.990048 0.0947244 1.94829 0.130789 -0.108039 0.985506 64.8011 0 0 0 1
0.984062 -0.0963309 -0.149475 -82.8307 0.110933 0.989502 0.0926273 2.06482 0.138983 -0.107733 0.984417 65.4364 0 0 0 1
0.98269 -0.0984461 -0.156933 -82.9541 0.113396 0.989526 0.0893268 2.18664 0.146495 -0.105576 0.983561 66.2906 0 0 0 1
0.982864 -0.0917857 -0.159858 -83.2383 0.10616 0.99081 0.0838148 2.23324 0.150696 -0.099349 0.983575 67.2107 0 0 0 1
0.980577 -0.102851 -0.167007 -83.2998 0.117248 0.989976 0.0787431 2.38783 0.157234 -0.0967949 0.982806 67.8834 0 0 0 1
0.979644 -0.100802 -0.173598 -83.4583 0.115568 0.9903 0.0771358 2.42986 0.164139 -0.0956279 0.981791 68.8575 0 0 0 1
0.978557 -0.0962898 -0.182085 -83.5606 0.113057 0.990027 0.0840455 2.44836 0.172177 -0.102829 0.979684 69.6266 0 0 0 1
0.97772 -0.0947884 -0.187292 -83.6956 0.112779 0.98973 0.0878396 2.48231 0.177042 -0.107005 0.978369 70.3009 0 0 0 1
0.975885 -0.0961093 -0.195988 -83.8652 0.115372 0.989296 0.0893402 2.532 0.185304 -0.109797 0.976528 71.1177 0 0 0 1
0.974531 -0.100442 -0.200501 -84.0368 0.118896 0.989498 0.0822007 2.60145 0.190139 -0.103946 0.976239 71.8597 0 0 0 1
0.973147 -0.104064 -0.205319 -84.2143 0.121094 0.990014 0.0721652 2.65833 0.195759 -0.0950902 0.976031 72.5823 0 0 0 1
0.972124 -0.100905 -0.211646 -84.426 0.11745 0.99081 0.0670863 2.73043 0.202931 -0.0900739 0.975041 73.2337 0 0 0 1
0.970026 -0.0975218 -0.222573 -84.5868 0.115436 0.990921 0.0689179 2.73956 0.213831 -0.092545 0.972477 73.9571 0 0 0 1
0.967453 -0.0985438 -0.233073 -84.7772 0.117986 0.990476 0.0709658 2.79907 0.22386 -0.0961553 0.969866 74.6806 0 0 0 1
0.964395 -0.0989218 -0.245269 -85.0205 0.120948 0.989715 0.0763961 2.85772 0.235189 -0.103341 0.96644 75.4456 0 0 0 1
0.961585 -0.097617 -0.256563 -85.3687 0.120976 0.989675 0.0768618 2.88943 0.246411 -0.104947 0.963467 76.3155 0 0 0 1
0.958001 -0.0979005 -0.269535 -85.4575 0.122818 0.989426 0.0771485 2.83891 0.259132 -0.107012 0.959895 76.8762 0 0 0 1
0.955481 -0.101639 -0.276992 -85.7561 0.125355 0.989692 0.0692561 2.77987 0.267098 -0.100895 0.958373 77.4974 0 0 0 1
0.951815 -0.103413 -0.288711 -85.8435 0.12666 0.989945 0.0629836 2.80978 0.279294 -0.0965169 0.955342 77.9457 0 0 0 1
0.949271 -0.0970357 -0.299113 -86.0928 0.121738 0.990429 0.0650427 2.86745 0.289939 -0.0981565 0.951998 78.5839 0 0 0 1
0.945823 -0.0996579 -0.309011 -86.4168 0.127457 0.989295 0.0710685 2.9406 0.298621 -0.106604 0.948399 79.3275 0 0 0 1
0.942323 -0.0976067 -0.320158 -86.6881 0.127901 0.988951 0.0749492 2.94687 0.309305 -0.111575 0.944395 80.0348 0 0 0 1
0.9366 -0.0976225 -0.336527 -86.8193 0.129157 0.988965 0.0725746 2.95659 0.325729 -0.111438 0.938873 80.6648 0 0 0 1
0.933294 -0.0903745 -0.347554 -87.0604 0.120483 0.990521 0.0659709 2.93288 0.338297 -0.103445 0.935336 81.3745 0 0 0 1
0.929278 -0.0970867 -0.356393 -87.4081 0.125446 0.990445 0.0572833 3.01174 0.347426 -0.0979403 0.932578 82.2183 0 0 0 1
0.926005 -0.0998344 -0.364071 -87.5954 0.12656 0.990686 0.0502396 3.0444 0.355664 -0.0925989 0.930015 82.8505 0 0 0 1
0.924574 -0.101758 -0.367163 -87.945 0.128157 0.990583 0.0481829 3.06176 0.358803 -0.0916034 0.928908 83.479 0 0 0 1
0.921678 -0.0968605 -0.37567 -88.1791 0.123357 0.991245 0.0470695 3.08142 0.367822 -0.0897243 0.925558 84.1365 0 0 0 1
0.917508 -0.102229 -0.384355 -88.573 0.131206 0.9901 0.0498631 3.08508 0.375453 -0.0961794 0.921838 84.9921 0 0 0 1
0.911966 -0.111439 -0.39484 -88.8711 0.143209 0.988335 0.0518251 3.20695 0.384459 -0.103807 0.917287 85.6993 0 0 0 1
0.905638 -0.10965 -0.409629 -89.0838 0.145419 0.987721 0.0571085 3.25134 0.398337 -0.111288 0.910463 86.4472 0 0 0 1
0.902749 -0.101668 -0.417981 -89.3596 0.140412 0.988092 0.0629211 3.26648 0.406607 -0.115491 0.906274 87.1276 0 0 0 1
0.901354 -0.092974 -0.422986 -89.6943 0.130264 0.989659 0.060052 3.28563 0.413029 -0.109228 0.904144 87.782 0 0 0 1
0.897906 -0.097344 -0.429289 -89.9355 0.131142 0.990113 0.0497827 3.35398 0.420198 -0.100998 0.901794 88.4151 0 0 0 1
0.891826 -0.105292 -0.439954 -90.1346 0.136964 0.989737 0.0407705 3.40121 0.431145 -0.0966181 0.897095 89.0904 0 0 0 1
0.891309 -0.0976974 -0.442745 -90.558 0.128694 0.99086 0.0404342 3.3887 0.434748 -0.0930182 0.895735 89.8173 0 0 0 1
0.884086 -0.095897 -0.45738 -90.4144 0.129017 0.990767 0.0416509 3.46895 0.449163 -0.0958327 0.888295 90.2787 0 0 0 1
0.881907 -0.0841981 -0.463843 -90.7452 0.121432 0.991292 0.0509373 3.40916 0.455515 -0.101247 0.884452 90.9802 0 0 0 1
0.88172 -0.0607434 -0.467847 -91.1579 0.100834 0.993025 0.0611043 3.18797 0.460872 -0.101052 0.881695 91.6874 0 0 0 1
0.878721 -0.0642688 -0.472989 -91.5191 0.102059 0.993277 0.0546414 3.21332 0.466298 -0.0962875 0.879372 92.3738 0 0 0 1
0.87622 -0.0607137 -0.478072 -91.8558 0.0964467 0.994055 0.0505275 3.18517 0.472162 -0.0903816 0.876866 93.0394 0 0 0 1
0.872224 -0.0639158 -0.484912 -92.2135 0.0994303 0.993894 0.0478437 3.2392 0.478893 -0.0899454 0.873253 93.7413 0 0 0 1
0.872662 -0.0675313 -0.483634 -92.743 0.106086 0.992956 0.05277 3.31289 0.476663 -0.0973569 0.873678 94.4124 0 0 0 1
0.868904 -0.0556197 -0.491845 -93.0146 0.0960541 0.993724 0.0573173 3.26054 0.48557 -0.097047 0.868794 95.0818 0 0 0 1
0.866562 -0.0517661 -0.496378 -93.3088 0.0926839 0.993997 0.0581433 3.27509 0.490388 -0.096391 0.866157 95.7049 0 0 0 1
0.863838 -0.0541093 -0.500856 -93.6998 0.0949239 0.993889 0.056344 3.31331 0.494746 -0.0962152 0.863695 96.3659 0 0 0 1
0.860777 -0.0575665 -0.505716 -94.0691 0.0987718 0.993588 0.0550174 3.33619 0.499306 -0.0973082 0.860944 97.0384 0 0 0 1
0.860013 -0.0536664 -0.507442 -94.4726 0.0979793 0.993317 0.0610037 3.30952 0.500777 -0.102183 0.859524 97.6753 0 0 0 1
0.857434 -0.054991 -0.511647 -94.83 0.0974194 0.99364 0.0564639 3.39738 0.505288 -0.0982584 0.857339 98.2633 0 0 0 1
0.854972 -0.0539327 -0.515863 -95.2379 0.0964958 0.993755 0.056033 3.41835 0.50962 -0.0976853 0.854837 98.9045 0 0 0 1
0.85113 -0.0568582 -0.521866 -95.5443 0.0973598 0.993968 0.050493 3.46309 0.515847 -0.0937849 0.851531 99.548 0 0 0 1
0.846912 -0.0656129 -0.527669 -95.9196 0.105552 0.993354 0.0458926 3.49047 0.521151 -0.0945634 0.848209 100.223 0 0 0 1
0.843445 -0.0730752 -0.532223 -96.3349 0.114258 0.99244 0.044808 3.53211 0.524925 -0.098604 0.845418 100.864 0 0 0 1
0.837586 -0.0756524 -0.541042 -96.5599 0.118827 0.991883 0.0452637 3.61937 0.533226 -0.102203 0.839776 101.465 0 0 0 1
0.833351 -0.0717133 -0.548073 -96.8758 0.119398 0.991494 0.0518119 3.68233 0.539695 -0.108616 0.834824 102.074 0 0 0 1
0.83007 -0.0685437 -0.55343 -97.2317 0.122294 0.990634 0.0607315 3.71246 0.544084 -0.118092 0.830679 102.694 0 0 0 1
0.831432 -0.0637242 -0.55196 -97.7575 0.116956 0.991216 0.0617375 3.81333 0.543178 -0.115886 0.831582 103.292 0 0 0 1
0.826935 -0.066962 -0.558297 -98.0359 0.118538 0.991331 0.0566749 3.9698 0.549661 -0.113046 0.827703 103.901 0 0 0 1
0.82497 -0.0697681 -0.560854 -98.3378 0.118927 0.991562 0.0515853 4.01697 0.552523 -0.109257 0.826306 104.402 0 0 0 1
0.823679 -0.0710523 -0.562588 -98.6977 0.118501 0.991781 0.0482389 4.04427 0.554536 -0.106401 0.825329 104.953 0 0 0 1
0.822136 -0.0757786 -0.564225 -99.0897 0.123638 0.991212 0.0470285 4.06394 0.555703 -0.108424 0.82428 105.48 0 0 0 1
0.821954 -0.075131 -0.564577 -99.4618 0.123779 0.991133 0.0483113 4.04355 0.555942 -0.109592 0.823965 105.954 0 0 0 1
0.820275 -0.0759086 -0.566909 -99.7941 0.125598 0.990868 0.0490543 4.04611 0.558009 -0.111441 0.822318 106.424 0 0 0 1
0.820682 -0.0716899 -0.56687 -100.152 0.122536 0.991098 0.0520595 4.01636 0.558092 -0.112186 0.822161 106.829 0 0 0 1
0.820962 -0.0734148 -0.566243 -100.495 0.125667 0.990615 0.053762 3.99428 0.556982 -0.115295 0.822483 107.152 0 0 0 1
0.817175 -0.0782445 -0.571055 -100.765 0.133092 0.989584 0.0548634 3.98017 0.560814 -0.120836 0.819077 107.68 0 0 0 1
0.814025 -0.0803559 -0.575244 -101.055 0.13233 0.989995 0.0489675 4.08557 0.565554 -0.115983 0.816515 108.201 0 0 0 1
0.800195 -0.0675055 -0.595929 -101.044 0.131354 0.989247 0.0643177 3.81649 0.585179 -0.129744 0.800457 109.019 0 0 0 1
0.803531 -0.0746198 -0.590567 -101.41 0.13528 0.989043 0.0590955 3.85428 0.579687 -0.127377 0.804822 109.202 0 0 0 1
0.802953 -0.0809039 -0.590526 -101.731 0.140328 0.988555 0.0553728 3.88184 0.579288 -0.127329 0.805116 109.473 0 0 0 1
0.799417 -0.0815634 -0.595214 -101.923 0.147571 0.987047 0.0629417 3.74343 0.582371 -0.138153 0.801098 109.768 0 0 0 1
0.788625 -0.0713292 -0.610723 -101.99 0.142968 0.987298 0.0693032 3.66512 0.598022 -0.141968 0.788806 110.184 0 0 0 1
0.783334 -0.0637365 -0.618325 -102.199 0.139924 0.98728 0.0754965 3.58536 0.605647 -0.145657 0.782288 110.535 0 0 0 1
0.78233 -0.0526463 -0.620635 -102.506 0.133951 0.987328 0.0850976 3.4835 0.60829 -0.149709 0.779468 110.791 0 0 0 1
0.778294 -0.0321845 -0.627074 -102.619 0.122657 0.987238 0.101566 3.33809 0.615803 -0.155964 0.77231 110.963 0 0 0 1
0.763266 -0.0221768 -0.645704 -102.506 0.120337 0.986802 0.108354 3.30924 0.634779 -0.160405 0.755861 111.253 0 0 0 1
0.756041 -0.0226608 -0.654132 -102.709 0.122821 0.986559 0.107779 3.34705 0.642897 -0.161826 0.748663 111.511 0 0 0 1
0.747825 -0.0260816 -0.663384 -102.938 0.128684 0.985972 0.106299 3.38147 0.651305 -0.16486 0.740691 111.814 0 0 0 1
0.738059 -0.0350557 -0.673825 -103.198 0.135739 0.985947 0.0973843 3.54614 0.660942 -0.163339 0.732445 112.019 0 0 0 1
0.724565 -0.035151 -0.688309 -103.373 0.137276 0.986048 0.0941504 3.58471 0.675397 -0.162706 0.719282 112.247 0 0 0 1
0.71244 -0.032422 -0.700983 -103.597 0.136561 0.98624 0.0931777 3.59247 0.688317 -0.162111 0.707065 112.392 0 0 0 1
0.694264 -0.0282267 -0.719167 -103.708 0.135364 0.986519 0.0919567 3.5401 0.706877 -0.161192 0.688725 112.589 0 0 0 1
0.677776 -0.0400541 -0.734177 -103.887 0.136165 0.988081 0.0717978 3.73138 0.72255 -0.148632 0.675151 112.694 0 0 0 1
0.661594 -0.047757 -0.74834 -104.085 0.138035 0.988672 0.0589395 3.79618 0.737048 -0.142291 0.660691 112.828 0 0 0 1
0.637742 -0.056454 -0.768179 -104.113 0.135717 0.989943 0.0399207 3.95889 0.7582 -0.129714 0.63899 112.949 0 0 0 1
0.619859 -0.0627544 -0.7822 -104.352 0.135294 0.990417 0.027755 4.0357 0.772962 -0.123031 0.622409 113.121 0 0 0 1
0.599829 -0.0678619 -0.797245 -104.646 0.126997 0.991841 0.0111236 4.18268 0.789985 -0.10792 0.603553 113.302 0 0 0 1
0.576849 -0.0545683 -0.815026 -104.755 0.12909 0.991318 0.0249942 3.95897 0.806586 -0.11963 0.578885 113.465 0 0 0 1
0.555722 -0.053231 -0.829662 -104.907 0.132783 0.99082 0.0253693 3.93481 0.820696 -0.124263 0.557689 113.543 0 0 0 1
0.530353 -0.0461861 -0.846518 -105.066 0.133655 0.990583 0.02969 3.87937 0.837175 -0.128887 0.531532 113.661 0 0 0 1
0.503464 -0.0401539 -0.863082 -105.242 0.129298 0.991172 0.0293109 3.86908 0.854287 -0.126352 0.504212 113.743 0 0 0 1
0.479291 -0.0343723 -0.876983 -105.459 0.130016 0.990988 0.032216 3.82763 0.867972 -0.129463 0.479441 113.789 0 0 0 1
0.452366 -0.0253699 -0.891472 -105.631 0.129213 0.990913 0.0373676 3.75539 0.882422 -0.132093 0.451533 113.87 0 0 0 1
0.423031 -0.0296851 -0.905629 -105.83 0.124497 0.991889 0.0256415 3.86781 0.897522 -0.123595 0.423295 113.955 0 0 0 1
0.392073 -0.0273204 -0.919528 -106.057 0.122234 0.992243 0.0226376 3.88344 0.911777 -0.121273 0.392371 114.053 0 0 0 1
0.364011 -0.0311282 -0.930874 -106.36 0.115616 0.993222 0.0119977 3.9566 0.924191 -0.111991 0.365143 114.095 0 0 0 1
0.330748 -0.0324786 -0.94316 -106.587 0.112766 0.993607 0.00532889 3.97193 0.936958 -0.108119 0.332296 114.17 0 0 0 1
0.288813 -0.0366904 -0.956682 -106.767 0.118236 0.992983 -0.00238824 3.96918 0.950056 -0.112425 0.291124 114.298 0 0 0 1
0.24649 -0.0392954 -0.968348 -106.97 0.122985 0.992368 -0.00896476 3.95231 0.96131 -0.116882 0.249441 114.389 0 0 0 1
0.215081 -0.0491378 -0.975359 -107.254 0.124765 0.991932 -0.0224603 4.01888 0.968594 -0.11686 0.219476 114.275 0 0 0 1
0.174067 -0.0315636 -0.984228 -107.232 0.12626 0.991952 -0.00948153 3.79072 0.976606 -0.122618 0.176651 114.251 0 0 0 1
0.126971 -0.0455733 -0.990859 -107.604 0.1199 0.992324 -0.0302763 3.92587 0.984633 -0.11496 0.13146 114.268 0 0 0 1
0.0971134 -0.0185612 -0.9951 -107.594 0.130704 0.991405 -0.00573667 3.55544 0.986654 -0.129507 0.0987048 114.041 0 0 0 1
0.0622379 -0.0262759 -0.997715 -107.887 0.126012 0.991861 -0.018261 3.60374 0.990074 -0.124588 0.0650424 113.822 0 0 0 1
0.00852078 -0.0210462 -0.999742 -108.147 0.125499 0.991896 -0.0198114 3.53896 0.992057 -0.125298 0.011093 113.832 0 0 0 1
-0.0350447 -0.0255521 -0.999059 -108.48 0.122282 0.992052 -0.0296623 3.58885 0.991876 -0.123207 -0.0316416 113.658 0 0 0 1
