-------------frame 1---------------


worldPoints[] << -17.881362915039062,-4.821349620819092,-44.5218620300293,27.40815544128418,
-1.6092126369476318,2.093446969985962,-6.224493980407715,-9.18687915802002,
27.47499656677246,106.00076293945312,152.63943481445312,106.00076293945312,
1.0,1.0,1.0,1.0;


imagesVectors[] << -0.5603520082060583,-0.060563334446343625,-0.2952431824248775,0.23098562652307483,
-0.04842793943581502,0.019709261499204354,-0.03892887107431865,-0.08400937626963213,
0.8268375666244482,0.9979697528141303,0.9546287269030352,0.9693235089682547;


imagesPoints[] << -0.6777050666598119,-0.06068654312975297,-0.3092754011108513,0.23829570250383725,
-0.05857007638576625,0.01974935757684748,-0.04077906936721881,-0.08666804786262894,
1.0,1.0,1.0,1.0;

R_est:
[[ 9.99868397e-01  1.56590109e-03 -1.61473663e-02]
 [-1.57224425e-03  9.99998692e-01 -3.80142021e-04]
 [ 1.61467499e-02  4.05479596e-04  9.99869551e-01]]

t_est:
[[ 0.13315217]
 [ 0.01506668]
 [-0.33208312]]


-------------frame 2---------------


worldPoints[] << 13.970573425292969,-18.129749298095703,2.961895704269409,-1.9180668592453003,
-3.516700506210327,-2.0953123569488525,1.402607798576355,-6.082356929779053,
29.21649932861328,26.166664123535156,47.47681427001953,127.2000503540039,
1.0,1.0,1.0,1.0;


imagesVectors[] << 0.411086788049169,-0.5872605406823471,0.041119719320198235,-0.036128803283047586,
-0.10767769128262698,-0.06695640571723117,0.029505146850385345,-0.04773149900281933,
0.9052144317737434,0.8066237642735966,0.9987184863575748,0.9982065986439275;


imagesPoints[] << 0.45413194224450826,-0.7280476557880778,0.04117248241810956,-0.03619371313726927,
-0.11895268955404903,-0.0830082235148733,0.029543006616402523,-0.04781725453194058,
1.0,1.0,1.0,1.0;

R_est:
[[ 9.99764713e-01 -2.14609116e-03 -2.15850030e-02]
 [ 2.12646240e-03  9.99997305e-01 -9.32281906e-04]
 [ 2.15869456e-02  8.86162855e-04  9.99766582e-01]]

t_est:
[[-0.0299947 ]
 [ 0.00242506]
 [-0.11600367]]


-------------frame 3---------------


worldPoints[] << -1.5215195417404175,2.1572506427764893,-1.0620871782302856,97.82195281982422,
-1.6680313348770142,1.9099235534667969,-11.903233528137207,-24.768232345581055,
8.791999816894531,54.259212493896484,263.7596130371094,379.81451416015625,
1.0,1.0,1.0,1.0;


imagesVectors[] << -0.1997014750864377,0.012879170476122198,-0.030453428486171254,0.22169159042681041,
-0.18830951679047964,0.03376367388439974,-0.04709138690962982,-0.06482406105566606,
0.9615918295901005,0.9993468573491762,0.99842625665212,0.9729597524267294;


imagesPoints[] << -0.20767800738444797,0.012887587909452103,-0.030501429908590727,0.22785278617524862,
-0.19583102829685095,0.033785740792701136,-0.047165613480092794,-0.06662563471303276,
1.0,1.0,1.0,1.0;

R_est:
[[ 0.99964008 -0.00246951 -0.02671348]
 [ 0.00241965  0.99999527 -0.0018987 ]
 [ 0.02671805  0.00183338  0.99964133]]

t_est:
[[-0.01839881]
 [ 0.02255538]
 [-0.23207987]]


-------------frame 4---------------


worldPoints[] << 24.769466400146484,-56.17012023925781,-14.568060874938965,41.75687026977539,
-24.231081008911133,-4.470845699310303,-2.668896436691284,-15.741430282592773,
379.81451416015625,127.19874572753906,24.347097396850586,183.1659698486328,
1.0,1.0,1.0,1.0;


imagesVectors[] << 0.031188410222662957,-0.4352523027823327,-0.5439724534993808,0.18857975231468474,
-0.06644591031189065,-0.03541899110297804,-0.09702236543607923,-0.0869361480830528,
0.9973024737112643,0.899611542829417,0.8334750328828403,0.9782023222081482;


imagesPoints[] << 0.03127276934007939,-0.48382249677832845,-0.6526559669314603,0.19278195117038122,
-0.06662563471303276,-0.039371428018342064,-0.11640704473233746,-0.08887338141541845,
1.0,1.0,1.0,1.0;

R_est:
[[ 9.99422771e-01 -1.83395018e-04 -3.39719046e-02]
 [ 8.95720209e-05  9.99996178e-01 -2.76328340e-03]
 [ 3.39722815e-02  2.75864542e-03  9.99418968e-01]]

t_est:
[[-0.02980338]
 [ 0.01454802]
 [-0.21467169]]


-------------frame 5---------------


worldPoints[] << 26.704116821289062,3.4070496559143066,13.904589653015137,-1.142388939857483,
-10.63359546661377,-5.362561225891113,1.2544305324554443,1.4495086669921875,
158.25845336914062,109.90023040771484,25.439802169799805,54.259212493896484,
1.0,1.0,1.0,1.0;


imagesVectors[] << 0.12832769939250985,-0.008088879192217742,0.44693357593281,-0.06052467900030185,
-0.06815729879960908,-0.05116982081106765,0.04029227046954372,0.023835438893180478,
0.9893869739333373,0.998657208190867,0.8936592816304881,0.9978820747386337;


imagesPoints[] << 0.12970425402139596,-0.008099755477528947,0.5001163028457292,-0.060653137813057256,
-0.06888841332592818,-0.05123862361516934,0.04508683711764305,0.023886027714671076,
1.0,1.0,1.0,1.0;

R_est:
[[ 0.99930394 -0.00116513 -0.03728633]
 [ 0.00110919  0.99999823 -0.00152111]
 [ 0.03728804  0.00147869  0.99930347]]

t_est:
[[-0.17448567]
 [-0.07890529]
 [-0.42282234]]


-------------frame 6---------------


worldPoints[] << 38.68699264526367,-55.313533782958984,10.453304290771484,-18.569673538208008,
-23.720531463623047,-3.2780954837799072,-3.6906628608703613,-5.545146942138672,
263.7596130371094,105.99940490722656,27.47493553161621,127.19874572753906,
1.0,1.0,1.0,1.0;


imagesVectors[] << 0.10493652942717652,-0.49996420240370687,0.31428554261021274,-0.18480113790054292,
-0.08907636599824553,-0.026770197309544195,-0.12638656219514116,-0.0428028267485817,
0.9904815625807106,0.8656322272482889,0.9408778000371237,0.9818433976215328;


imagesPoints[] << 0.10594495989785335,-0.5775711516575761,0.33403439064861784,-0.18821854722271858,
-0.08993238174586116,-0.03092560150474355,-0.13432834974972774,-0.04359435206497231,
1.0,1.0,1.0,1.0;

R_est:
[[ 9.99239788e-01  1.35363089e-03 -3.89616971e-02]
 [-1.35509078e-03  9.99999082e-01 -1.10616748e-05]
 [ 3.89616464e-02  6.38499023e-05  9.99240705e-01]]

t_est:
[[-0.20311173]
 [ 0.02894103]
 [-0.45671835]]


-------------frame 7---------------


worldPoints[] << 9.177614212036133,-7.98081111907959,-5.904242992401123,8.420839309692383,
-3.6906790733337402,-6.372797012329102,1.5505259037017822,-3.323086977005005,
27.47505760192871,105.50474548339844,10.902778625488281,26.166677474975586,
1.0,1.0,1.0,1.0;


imagesVectors[] << 0.2741230691997192,-0.12035093862979036,-0.5201388178953901,0.25794716256502687,
-0.12803289606478171,-0.061530125949725685,0.1231667777631627,-0.1189538899182742,
0.9531338418384853,0.9908227365031241,0.845154160478327,0.9588082359877613;


imagesPoints[] << 0.2876018636280582,-0.12146566100667078,-0.6154366176237127,0.26902893913848214,
-0.13432834974972774,-0.062100034327918024,0.14573291302672486,-0.12406431802885826,
1.0,1.0,1.0,1.0;

R_est:
[[ 9.98971523e-01 -2.38048316e-03 -4.52794545e-02]
 [ 2.34835036e-03  9.99996952e-01 -7.62835309e-04]
 [ 4.52811324e-02  6.55718727e-04  9.98974068e-01]]

t_est:
[[ 0.00870556]
 [-0.01362685]
 [-0.24736382]]


-------------frame 8---------------


worldPoints[] << -20.886892318725586,-28.775508880615234,8.037127494812012,15.387544631958008,
-1.9272520542144775,-7.156593322753906,-3.7067501544952393,-5.865216255187988,
152.63755798339844,127.19874572753906,26.166566848754883,34.52859115600586,
1.0,1.0,1.0,1.0;


imagesVectors[] << -0.1862827689962242,-0.27017433479607267,0.24413073789125192,0.35813846706894675,
-0.01586073692034888,-0.05813037683968932,-0.13877416345650304,-0.15635830165251557,
0.9823681422966866,0.9610549870355887,0.9597613840812833,0.9204829818686743;


imagesPoints[] << -0.1896262317309193,-0.2811226604519642,0.25436607675661205,0.3890766848745961,
-0.016145410500861657,-0.06048600509216931,-0.14459235989093525,-0.16986549966963244,
1.0,1.0,1.0,1.0;

R_est:
[[ 9.98719686e-01  2.01339831e-04 -5.05860401e-02]
 [-3.58423632e-04  9.99995142e-01 -3.09622741e-03]
 [ 5.05851710e-02  3.11039450e-03  9.98714907e-01]]

t_est:
[[ 0.02604165]
 [-0.01666508]
 [-0.15990665]]
