  0.999845 0.00376015   0.017221  -0.106101 -0.00373816    0.999992 -0.00130847   -0.017579 -0.0172258 0.00124389   0.999851   0.238364 0 0 0 1 
  0.999227 0.00582739  0.0388687    -0.0687 -0.00578097    0.999982  -0.0013065   0.0284896 -0.0388757 0.00108079   0.999243   0.136386 0 0 0 1 
 0.997774 0.0101934 0.0659052 0.0245709   -0.0102142     0.999948 -2.23217e-05    0.0508985    -0.065902 -0.000650896     0.997826     0.135436 0 0 0 1 
  0.994175  0.0101948   0.107294 -0.0740126  -0.0101261    0.999948 -0.00118505     0.10659   -0.107301 9.16681e-05    0.994227    0.490376 0 0 0 1 
   0.989397  0.00740011     0.14505 -0.00161237 -0.00720012    0.999972 -0.00190367    0.138959    -0.14506 0.000839112    0.989423    0.608728 0 0 0 1 
  0.982672 0.00427266   0.185303  0.0257359 -0.00392956     0.99999 -0.00221876    0.152449  -0.185311 0.00145215   0.982679   0.876018 0 0 0 1 
  0.973318 0.00161203   0.229453  0.0429974 -0.00112692    0.999997 -0.00224523    0.138803  -0.229456 0.00192675   0.973317    1.05218 0 0 0 1 
  0.960965 0.00206162   0.276663   0.310056 -0.00231124    0.999997  0.00057619    0.127506   -0.276661 -0.00119313    0.960967     1.48744 0 0 0 1 
  0.946071 0.00143648   0.323955    0.50914 -0.00358094    0.999975  0.00602364   0.0962022   -0.323938 -0.00685886    0.946053     1.50271 0 0 0 1 
  0.929096 -0.0046542    0.36981    1.00229 -0.000584296     0.999901    0.0140521   -0.0354862  -0.369839 -0.0132718   0.929001    2.25866 0 0 0 1 
   0.907575 0.000240057    0.419889     1.33845 -0.00727484    0.999859   0.0151527    0.190066  -0.419826 -0.0168068   0.907449    2.53342 0 0 0 1 
    0.881414 -0.000908626     0.472343       1.4443 -0.00881867    0.999792   0.0183793    0.162019  -0.472262 -0.0203652   0.881223    2.74865 0 0 0 1 
   0.853048 -0.00483578     0.52181     1.72313 -0.0086203    0.99969  0.0233568  0.0573292  -0.521761 -0.0244226   0.852742     3.0363 0 0 0 1 
 0.819729 -0.010268  0.572659     1.757 -0.00568957    0.999644   0.0260683    0.126904  -0.572723 -0.0246271   0.819379    3.13412 0 0 0 1 
    0.781628 -0.000157487     0.623745      2.07911 -0.0164908   0.999645  0.0209174   0.332567  -0.623527 -0.0266357   0.781348    3.48527 0 0 0 1 
   0.743004 -0.00470084     0.66927     2.33316 -0.014634  0.999622 0.0232674  0.315216  -0.669127 -0.0270818   0.742655    3.70744 0 0 0 1 
   0.702434 -0.00590136    0.711724     2.60864 -0.0104144   0.999773  0.0185682   0.415844  -0.711672 -0.0204551   0.702214    3.93297 0 0 0 1 
  0.659597 -0.0150717   0.751468    2.88681 -0.00284247    0.999742   0.0225462    0.318208  -0.751614 -0.0170074   0.659384    4.16878 0 0 0 1 
   0.61756 -0.0132219   0.786413    3.27785 -0.00673606    0.999733   0.0220981    0.356407  -0.786495 -0.0189442   0.617306    4.41849 0 0 0 1 
  0.574847 -0.0118086   0.818176    3.55856 -0.0108796   0.999697  0.0220724    0.37033  -0.818189 -0.0215897   0.574544    4.56552 0 0 0 1 
  0.533953 -0.0178382   0.845326    3.84134 -0.00210998    0.999746   0.0224295    0.267935  -0.845512 -0.0137599    0.53378    4.76789 0 0 0 1 
  0.496099 -0.0180122   0.868079    4.50055 -0.00630024    0.999684   0.0243434    0.322891  -0.868243 -0.0175459   0.495829    4.98733 0 0 0 1 
  0.456793 -0.0160475   0.889428    4.92564 -0.00909612    0.999701   0.0227087    0.377668  -0.889526 -0.0184635   0.456511     5.1459 0 0 0 1 
  0.418056 -0.0103651   0.908362    5.41376 -0.00757667     0.99986   0.0148962    0.530665  -0.908389 -0.0131098    0.41792    5.41385 0 0 0 1 
  0.388906 -0.0102427    0.92122     5.9522 -0.00563315    0.999893   0.0134955    0.493635   -0.92126 -0.0104379   0.388807    5.48644 0 0 0 1 
  0.361955 -0.0144811   0.932083    6.55306 0.00656545   0.999894   0.012985   0.357144  -0.932173 0.00141955   0.362011    5.57257 0 0 0 1 
  0.335572 -0.0146693     0.9419    7.07578 0.0125893  0.999859 0.0110868  0.345431   -0.94193 0.00813743    0.33571    5.75236 0 0 0 1 
  0.313397 -0.0176496   0.949458    7.49322 0.0131939  0.999812 0.0142306  0.257563   -0.94953 0.00806721   0.313571    5.92703 0 0 0 1 
  0.296422 -0.0146733   0.954944    8.12649  0.0178838   0.999792 0.00981117   0.341125  -0.95489 0.0141698  0.296623   6.18104 0 0 0 1 
    0.2859 -0.0108049   0.958198    8.72592  0.0228005    0.99973 0.00447018   0.476521 -0.957988 0.0205693   0.28607    6.3235 0 0 0 1 
  0.271644 -0.0120552   0.962322    9.42785 0.0213923   0.99975 0.0064854  0.481928  -0.96216 0.0188246  0.271834   6.62855 0 0 0 1 
  0.259897 -0.0130895   0.965548    10.0975  0.0220379   0.999728 0.00762088   0.514364 -0.965385  0.019298  0.260115   6.83105 0 0 0 1 
  0.250472 -0.0137747   0.968026    10.8931 0.0252877  0.999651 0.0076816   0.56566 -0.967793 0.0225551  0.250733    6.9812 0 0 0 1 
  0.253298 -0.0172682   0.967234    11.1969 0.0285412  0.999539 0.0103706  0.501802 -0.966967 0.0249792  0.253674   6.84357 0 0 0 1 
  0.241929 -0.0158287   0.970165    12.0155 0.0236843  0.999665 0.0104039  0.561406 -0.970005 0.0204606  0.242223   7.08481 0 0 0 1 
   0.23445 -0.0152869   0.972008    12.8823 0.0233017  0.999677 0.0101016  0.614921 -0.971849 0.0202811  0.234731   7.27521 0 0 0 1 
  0.217335 -0.0157902   0.975969    13.4685 0.0188759   0.99975 0.0119716  0.630835 -0.975914 0.0158205  0.217579   7.59355 0 0 0 1 
   0.20605 -0.0211848   0.978312     14.351 0.0224958  0.999604 0.0169079  0.657752 -0.978283  0.018524  0.206445   7.80003 0 0 0 1 
  0.194817 -0.0239359   0.980548    15.1157 0.0233427  0.999532 0.0197615  0.680183 -0.980562 0.0190387  0.195284   7.92468 0 0 0 1 
 0.177743 -0.031781  0.983564   16.0691 0.0218604  0.999359  0.028341  0.644266 -0.983834 0.0164637  0.178324   8.14042 0 0 0 1 
  0.166662 -0.0431463    0.98507    16.9925 0.0264064  0.998879 0.0392836  0.509077  -0.98566 0.0194651  0.167614   8.21376 0 0 0 1 
 0.151634 -0.039983  0.987628   17.7724 0.0248664   0.99902 0.0366264  0.588248 -0.988124  0.019005   0.15248   8.34075 0 0 0 1 
  0.137778 -0.0411973   0.989606    18.5841  0.021634  0.999021 0.0385773  0.571205 -0.990227  0.016094  0.138534     8.424 0 0 0 1 
  0.116084 -0.0344878    0.99264    19.3795 0.0145759  0.999349 0.0330163  0.651344 -0.993132  0.010636  0.116511   8.53644 0 0 0 1 
 0.0942584 -0.0286418   0.995136     20.322 0.00785566   0.999576  0.0280256   0.701582  -0.995517 0.00517581  0.0944434    8.55936 0 0 0 1 
 0.0559226 -0.0290611   0.998012    21.0736 0.00188307   0.999578  0.0290012   0.672811   -0.998433 0.000257509   0.0559537     8.73562 0 0 0 1 
 0.0198212 -0.0290044   0.999383    22.1031 -0.00399432    0.999569   0.0290891     0.71628   -0.999796 -0.00456843   0.0196968     8.76565 0 0 0 1 
-0.0218767   -0.02073   0.999546    22.8198 -0.0102292   0.999737  0.0205101   0.840368   -0.999708 -0.00977581   -0.022083     8.87406 0 0 0 1 
 -0.058339 -0.0213417   0.998069     23.613 -0.00986349    0.999735   0.0208007    0.812223   -0.998248 -0.00863095  -0.0585341     8.87804 0 0 0 1 
